0, start, -0.047535207, 0.03946056, -0.005442808, -0.07456986
1, 01_BB_5, -0.07575777, 0.0044625993, 0.015987525, 0.04886803
2, 01_BB_6, -0.07579889, 0.0061461446, 0.01465712, 0.043544296
3, 01_BB_7, -0.08783132, 0.015394179, 0.0013904565, 0.061056525
4, 01_HOOFD_0, -0.05526169, 0.007575406, 0.0054426943, 0.03311346
5, 01_HOOFD_1, -0.048225496, 0.007893343, 0.0007433464, 0.034003325
6, 01_HOOFD_2, -0.043019656, 0.0049925144, 0.0026504246, 0.033047438
7, 01_HOOFD_3, -0.038875848, 0.0042212363, 0.0028161646, 0.030600008
8, 01_HOOFD_4, -0.052193355, 0.0069098393, 0.0051071127, 0.031247335
9, 01_HOOFD_5, -0.061916858, 0.0050633927, 0.009331374, 0.041281078
10, 01_HOOFD_6, -0.037051067, -0.0030169063, 0.0072466386, 0.043895822
11, 01_HOOFD_7, -0.057158645, 0.0037123389, 0.007090352, 0.04504817
12, 01_HOOFD_8, -0.058096666, 0.0039681997, 0.007681637, 0.04355923
13, 02_DRZ_0, -0.052500285, 0.0050154957, 0.0036479519, 0.040327888
14, 03_GBH_0, -0.05017758, 0.004904566, 0.0073303846, 0.030542046
15, 03_VD_0, -0.08178765, 0.014901721, -0.0028163078, 0.06758174
16, 04_BPT_0, -0.031963795, 0.0053220927, 0.00092371466, 0.019748034
17, 05_EIND_0, -0.06355795, 0.008580829, 0.006966426, 0.036877416
18, 06_VD_0, -0.061511517, 0.0108281765, 0.0015404212, 0.038877767
19, 06_VD_1, -0.05042453, -0.0010522815, 0.012062577, 0.041003093
20, 07_OPS_0, -0.051854335, 0.005614461, 0.003563968, 0.04173226
21, 08_AWB45_0, -0.04996199, 0.0054956307, 0.003042924, 0.039192017
22, 08_AWB45_1, -0.063241094, 0.013562569, -0.0019955952, 0.039664865
23, 08_AWB45_WAW_0, -0.07127798, 0.016889263, 0.0060759, 0.019340046
24, 09_AH_I_0, -0.051047735, 0.0043563684, 0.007867678, 0.033967838
25, 09_AWB45_0, -0.062560335, 0.00859487, 0.006384495, 0.036841266
26, 10_UOV_0, -0.0286827, 0.003697865, 0.00058937713, 0.022966394
27, 10_UOV_1, -0.04110629, 0.007257899, 0.0017618774, 0.023154175
28, 10_UOV_2, -0.044980228, 0.011617657, -0.00515066, 0.03190932
29, 11_AH_II_0, -0.04412617, 0.005078775, 0.0032992386, 0.034686733
30, 11_AH_II_1, -0.056579042, 0.01137037, 0.0012136818, 0.030634854
31, 12_AP_0, -0.048458587, 0.008494107, 0.0034337484, 0.025561523
32, 12_AP_UOV_0, -0.07914348, 0.02054798, -0.003865608, 0.038364395
33, 13_CRD_0, -0.07522372, 0.012687285, 0.00073739997, 0.053046007
34, 14_VRIJ_0, -0.066298224, 0.01065872, 1.5687889e-05, 0.05039611
35, 14_VRIJ_1, -0.06173807, 0.017321317, -0.0018785815, 0.024893895
36, 15_NGV_0, -0.04790577, 0.005535433, 0.0026308266, 0.041286077
37, 16_LGSV_0, -0.06499968, 0.022012291, -0.008736244, 0.028977998
38, 99_NOCODE_0, -0.043554597, 0.0016372661, -0.0050004027, 0.06882552
39, end, 0.031341728, -0.03244535, 0.013444954, 0.05174151
