0, start, 0.09794583, 0.11940293, -0.015722146, -0.1227939
1, A_ACCEPTED, -0.14074513, -0.09911191, -0.05635328, -0.08847737
2, A_ACTIVATED, -0.08827344, -0.0020301621, -0.024483304, -0.25356612
3, A_APPROVED, -0.07350896, -0.0009017294, -0.021036629, -0.20975438
4, A_CANCELLED, -0.11054109, 0.006104571, -0.17029506, -0.056032814
5, A_DECLINED, -0.10859186, 0.012914518, -0.18215297, -0.056656748
6, A_FINALIZED, -0.13536756, -0.0972436, -0.054061804, -0.08590569
7, A_PARTLYSUBMITTED, 0.013994668, 0.10593047, -0.1400855, 0.030483838
8, A_PREACCEPTED, -0.09817982, 0.028170066, -0.19721478, -0.0382244
9, A_REGISTERED, -0.088439494, -0.004793319, -0.02515173, -0.2442201
10, A_SUBMITTED, 0.013529634, 0.10360533, -0.13969567, 0.033378813
11, O_ACCEPTED, -0.0918476, 0.010264579, -0.040830076, -0.2621526
12, O_CANCELLED, -0.1206894, -0.01576131, -0.15275255, -0.06893417
13, O_CREATED, -0.14779401, -0.106001, -0.06506136, -0.09643797
14, O_DECLINED, -0.1172355, -0.05868336, -0.042848155, -0.13990387
15, O_SELECTED, -0.139372, -0.09891835, -0.0600638, -0.091136694
16, O_SENT, -0.13701971, -0.09777127, -0.061254762, -0.089301184
17, O_SENT_BACK, -0.12816978, -0.06003629, -0.04759905, -0.16009812
18, W_Afhandelen leads, -0.094755165, -0.008803057, -0.038540285, -0.20480818
19, W_Beoordelen fraude, -0.08174021, 0.036778986, -0.03636564, -0.27348772
20, W_Completeren aanvraag, -0.100993365, -0.013773485, -0.04816433, -0.16798764
21, W_Nabellen incomplete dossiers, -0.113994524, -0.018999873, -0.04391087, -0.21431835
22, W_Nabellen offertes, -0.11062897, -0.02404342, -0.042079303, -0.18433267
23, W_Valideren aanvraag, -0.10656347, -0.005388575, -0.040389683, -0.23282696
24, end, 0.11439755, 0.13991772, -0.01998183, -0.14415419
