0, start, -0.06346073, -0.0025571731, 0.022665469, -0.0405277
1, 01_BB_5, 0.0334771, -0.03629173, -0.029780949, -0.05115142
2, 01_BB_6, 0.009705444, -0.017962374, -0.011657842, -0.028421853
3, 01_BB_7, 0.034015693, -0.046264447, -0.02860417, -0.058613542
4, 01_HOOFD_0, 0.017829094, -0.022974815, -0.019654164, -0.03894281
5, 01_HOOFD_1, 0.022515655, -0.025936563, -0.022194432, -0.040111348
6, 01_HOOFD_2, 0.025914446, -0.03940881, -0.029766893, -0.06499698
7, 01_HOOFD_3, 0.023980007, -0.027256258, -0.022039361, -0.040014572
8, 01_HOOFD_4, 0.019965906, -0.02493676, -0.018009301, -0.033888727
9, 01_HOOFD_5, 0.028049842, -0.03445687, -0.03066836, -0.059477422
10, 01_HOOFD_6, 0.031436004, -0.036006197, -0.015069614, -0.026852904
11, 01_HOOFD_7, 0.020965807, -0.030125512, -0.015706416, -0.03527804
12, 01_HOOFD_8, 0.028764805, -0.037479036, -0.02479355, -0.048730206
13, 02_DRZ_0, 0.031376325, -0.036893178, -0.03326291, -0.06310148
14, 03_GBH_0, 0.025867468, -0.032114115, -0.029055174, -0.055803
15, 03_VD_0, 0.020822635, -0.03368444, -0.02744179, -0.061994415
16, 04_BPT_0, 0.036382273, -0.042593665, -0.03229074, -0.057944268
17, 05_EIND_0, 0.034832653, -0.05915206, -0.034585927, -0.08138062
18, 06_VD_0, 0.028483866, -0.032089863, -0.028184164, -0.05018248
19, 06_VD_1, 0.021002715, -0.046551447, -0.017889794, -0.054641508
20, 07_OPS_0, 0.032071695, -0.04283199, -0.026070762, -0.051563937
21, 08_AWB45_0, 0.02269721, -0.036836565, -0.021173414, -0.048146546
22, 08_AWB45_1, 0.021020671, -0.028331842, -0.016024573, -0.033263065
23, 08_AWB45_WAW_0, 0.050629556, -0.028217286, -0.0415052, -0.042824898
24, 09_AH_I_0, 0.027014935, -0.034887698, -0.023573676, -0.046290904
25, 09_AWB45_0, 0.02665298, -0.029856779, -0.028763637, -0.05323354
26, 10_UOV_0, 0.025984509, -0.031748444, -0.02950257, -0.055579096
27, 10_UOV_1, 0.020920752, -0.022503698, -0.020910112, -0.035150405
28, 10_UOV_2, 0.017911749, -0.043145686, -0.018658504, -0.058364175
29, 11_AH_II_0, 0.021874746, -0.029142657, -0.02466663, -0.049658976
30, 11_AH_II_1, 0.0352487, -0.04309734, -0.027314946, -0.051111482
31, 12_AP_0, 0.027067114, -0.034759045, -0.020470804, -0.03915542
32, 12_AP_UOV_0, 0.023772363, -0.034439385, -0.015445044, -0.032132715
33, 13_CRD_0, 0.023485059, -0.037175287, -0.021062579, -0.04895646
34, 14_VRIJ_0, 0.026967408, -0.03053281, -0.025405232, -0.045744438
35, 14_VRIJ_1, 0.051125173, -0.03312796, -0.04005928, -0.045966066
36, 15_NGV_0, 0.02955995, -0.032512072, -0.026060255, -0.043953612
37, 16_LGSV_0, 0.046808396, -0.07082581, -0.022519251, -0.053213865
38, 99_NOCODE_0, -0.015339927, -0.051475447, -0.00031171503, -0.07282969
39, end, 0.05935157, 0.01198978, -0.027852902, 0.035924368
