10 car [731, 494]
9 car [920, 557]
8 car [597, 551]
7 car [459, 371]
6 car [696, 350]
5 car [618, 320]
4 car [708, 298]
3 car [549, 295]
2 car [597, 282]
1 car [357, 281]
0 frame changed

11 car [846, 663]
10 car [722, 479]
9 car [908, 540]
8 car [603, 570]
7 car [459, 380]
5 car [617, 320]
4 car [707, 296]
3 car [549, 294]
2 car [597, 282]
1 car [354, 281]
0 frame changed

10 car [712, 466]
9 car [896, 525]
7 car [464, 393]
5 car [617, 320]
4 car [708, 297]
3 car [549, 294]
2 car [597, 283]
0 frame changed

10 car [705, 454]
9 car [880, 510]
7 car [467, 406]
5 car [616, 321]
3 car [550, 295]
2 car [597, 283]
0 frame changed

12 car [672, 321]
10 car [700, 446]
9 car [868, 496]
7 car [473, 419]
5 car [617, 320]
2 car [598, 283]
0 frame changed

12 car [669, 313]
10 car [694, 435]
9 car [859, 486]
7 car [479, 433]
4 car [706, 297]
0 frame changed

15 car [766, 549]
12 car [665, 308]
10 car [687, 427]
9 car [850, 475]
7 car [483, 448]
0 frame changed

15 car [755, 532]
10 car [681, 419]
9 car [840, 463]
7 car [487, 463]
0 frame changed

15 car [747, 515]
10 car [676, 412]
9 car [830, 451]
7 car [493, 479]
0 frame changed

15 car [736, 502]
10 car [671, 405]
9 car [824, 444]
7 car [500, 500]
0 frame changed

15 car [730, 489]
10 car [667, 398]
9 car [816, 435]
7 car [505, 519]
5 car [616, 320]
0 frame changed

15 car [722, 478]
10 car [662, 392]
9 car [810, 425]
7 car [513, 541]
5 car [617, 319]
4 car [705, 296]
0 frame changed

15 car [714, 465]
10 car [660, 388]
9 car [806, 419]
7 car [522, 564]
5 car [617, 320]
4 car [705, 297]
0 frame changed

15 car [707, 455]
12 car [646, 283]
10 car [655, 383]
9 car [799, 413]
7 car [527, 589]
5 car [616, 319]
4 car [705, 296]
2 car [597, 285]
0 frame changed

17 car [361, 371]
15 car [702, 446]
12 car [644, 280]
10 car [654, 380]
9 car [793, 407]
5 car [616, 320]
4 car [706, 296]
2 car [597, 283]
0 frame changed

22 car [842, 546]
17 car [365, 378]
15 car [697, 437]
12 car [643, 278]
10 car [651, 376]
9 car [787, 401]
5 car [616, 320]
4 car [706, 296]
3 car [551, 294]
2 car [597, 283]
0 frame changed

22 car [828, 528]
15 car [692, 428]
10 car [650, 371]
9 car [784, 396]
0 frame changed

22 car [815, 507]
21 car [451, 306]
15 car [687, 423]
10 car [649, 369]
9 car [780, 391]
0 frame changed

22 car [802, 491]
21 car [453, 312]
15 car [682, 416]
10 car [647, 367]
9 car [777, 387]
5 car [616, 320]
4 car [707, 297]
3 car [550, 294]
2 car [599, 284]
0 frame changed

22 car [789, 476]
21 car [457, 320]
15 car [678, 411]
10 car [644, 364]
9 car [773, 385]
5 car [616, 320]
4 car [706, 297]
2 car [598, 283]
0 frame changed

22 car [778, 461]
21 car [461, 327]
15 car [674, 406]
10 car [643, 360]
9 car [771, 381]
5 car [617, 320]
4 car [706, 297]
2 car [598, 282]
0 frame changed

24 car [825, 514]
22 car [770, 448]
15 car [671, 401]
10 car [639, 354]
9 car [768, 377]
0 frame changed

24 car [814, 496]
22 car [757, 432]
15 car [670, 397]
10 car [638, 353]
9 car [766, 376]
0 frame changed

25 car [555, 321]
24 car [808, 481]
22 car [747, 421]
15 car [668, 394]
10 car [634, 351]
9 car [764, 374]
5 car [617, 322]
4 car [706, 297]
0 frame changed

29 car [743, 415]
25 car [552, 322]
24 car [802, 467]
15 car [666, 392]
10 car [634, 349]
9 car [760, 369]
5 car [617, 321]
4 car [706, 297]
2 car [597, 284]
0 frame changed

31 car [772, 565]
29 car [735, 403]
24 car [797, 456]
21 car [471, 376]
15 car [664, 388]
10 car [633, 348]
9 car [757, 365]
0 frame changed

31 car [761, 548]
29 car [729, 394]
24 car [792, 445]
21 car [475, 386]
15 car [661, 384]
10 car [632, 348]
9 car [758, 363]
0 frame changed

31 car [750, 535]
30 car [414, 527]
29 car [721, 385]
24 car [788, 438]
21 car [478, 398]
15 car [660, 382]
10 car [634, 347]
9 car [755, 360]
5 car [617, 322]
4 car [708, 297]
2 car [597, 283]
0 frame changed

33 car [901, 616]
32 car [360, 279]
31 car [743, 521]
29 car [714, 378]
25 car [535, 317]
24 car [785, 429]
21 car [483, 411]
15 car [659, 380]
10 car [633, 347]
5 car [618, 323]
2 car [597, 283]
0 frame changed

33 car [883, 595]
32 car [359, 283]
31 car [733, 506]
29 car [708, 368]
25 car [533, 316]
24 car [783, 422]
21 car [486, 425]
15 car [659, 377]
10 car [633, 346]
5 car [618, 321]
2 car [597, 283]
0 frame changed

33 car [868, 574]
31 car [727, 495]
30 car [428, 583]
29 car [703, 361]
25 car [529, 315]
24 car [781, 415]
21 car [489, 439]
15 car [657, 376]
10 car [633, 345]
9 car [747, 353]
5 car [617, 322]
2 car [598, 284]
0 frame changed

33 car [856, 556]
31 car [721, 486]
29 car [698, 353]
25 car [526, 314]
24 car [778, 407]
21 car [493, 453]
15 car [657, 375]
9 car [746, 352]
5 car [617, 322]
2 car [598, 283]
0 frame changed

36 car [1157, 635]
33 car [844, 538]
32 car [358, 297]
31 car [712, 478]
29 car [691, 347]
25 car [520, 315]
24 car [773, 402]
21 car [496, 467]
15 car [657, 374]
9 car [744, 349]
2 car [597, 283]
0 frame changed

33 car [834, 523]
31 car [705, 468]
25 car [514, 314]
24 car [772, 398]
21 car [502, 485]
15 car [656, 372]
9 car [743, 348]
0 frame changed

33 car [826, 508]
31 car [702, 461]
25 car [506, 315]
24 car [770, 392]
21 car [506, 503]
15 car [655, 371]
9 car [742, 347]
0 frame changed

33 car [819, 494]
31 car [699, 453]
29 car [678, 333]
25 car [497, 315]
21 car [513, 522]
15 car [654, 371]
10 car [625, 338]
9 car [741, 346]
5 car [618, 323]
2 car [597, 283]
0 frame changed

41 car [549, 296]
40 car [767, 386]
33 car [812, 483]
31 car [694, 448]
29 car [676, 331]
25 car [490, 315]
21 car [518, 544]
15 car [654, 371]
10 car [626, 338]
9 car [738, 346]
5 car [620, 323]
2 car [596, 283]
0 frame changed

43 car [664, 476]
42 car [925, 659]
41 car [549, 295]
40 car [766, 383]
33 car [807, 472]
31 car [690, 440]
29 car [672, 323]
25 car [485, 314]
21 car [525, 566]
15 car [653, 371]
10 car [626, 338]
9 car [736, 342]
5 car [621, 323]
2 car [596, 284]
0 frame changed

44 car [1001, 630]
43 car [654, 465]
42 car [909, 641]
41 car [548, 294]
40 car [763, 379]
33 car [803, 457]
31 car [687, 433]
29 car [669, 319]
25 car [479, 314]
21 car [532, 590]
15 car [653, 369]
10 car [627, 339]
9 car [734, 340]
5 car [622, 323]
2 car [596, 284]
0 frame changed

44 car [988, 611]
43 car [638, 451]
42 car [897, 625]
41 car [550, 295]
40 car [761, 377]
33 car [800, 447]
32 car [355, 338]
31 car [685, 430]
29 car [667, 317]
25 car [468, 314]
15 car [653, 370]
10 car [627, 339]
9 car [733, 338]
5 car [622, 323]
2 car [596, 284]
0 frame changed

44 car [971, 593]
43 car [634, 440]
42 car [884, 609]
41 car [550, 295]
40 car [758, 374]
33 car [799, 441]
31 car [680, 424]
29 car [665, 313]
25 car [461, 315]
15 car [653, 369]
10 car [627, 339]
9 car [733, 338]
2 car [596, 284]
0 frame changed

47 car [677, 506]
44 car [956, 574]
43 car [626, 426]
42 car [872, 593]
41 car [549, 295]
40 car [755, 370]
33 car [798, 433]
31 car [677, 420]
25 car [451, 316]
15 car [653, 370]
10 car [626, 339]
9 car [733, 338]
2 car [597, 283]
0 frame changed

48 car [621, 420]
47 car [668, 492]
44 car [943, 558]
42 car [861, 577]
41 car [549, 295]
40 car [753, 367]
33 car [796, 425]
32 car [354, 363]
31 car [675, 416]
25 car [442, 316]
15 car [652, 370]
10 car [626, 339]
9 car [732, 337]
2 car [597, 284]
0 frame changed

48 car [616, 413]
47 car [657, 480]
44 car [930, 543]
42 car [852, 561]
41 car [549, 294]
40 car [752, 365]
33 car [795, 418]
32 car [354, 368]
31 car [673, 412]
29 car [659, 306]
25 car [431, 319]
15 car [651, 369]
10 car [627, 339]
9 car [732, 336]
2 car [597, 284]
0 frame changed

48 car [614, 403]
47 car [647, 465]
44 car [918, 530]
42 car [839, 546]
41 car [549, 294]
40 car [752, 362]
33 car [795, 414]
32 car [354, 374]
31 car [671, 410]
29 car [658, 304]
25 car [421, 321]
15 car [651, 368]
10 car [627, 338]
9 car [733, 335]
2 car [597, 283]
0 frame changed

50 car [898, 616]
48 car [608, 395]
47 car [638, 455]
44 car [906, 516]
42 car [829, 534]
41 car [549, 294]
40 car [749, 360]
33 car [793, 409]
32 car [353, 380]
31 car [668, 407]
25 car [412, 324]
15 car [651, 367]
10 car [628, 339]
9 car [734, 334]
5 car [621, 323]
2 car [597, 283]
0 frame changed

50 car [884, 599]
48 car [605, 388]
47 car [630, 446]
44 car [893, 504]
42 car [820, 519]
41 car [549, 295]
40 car [749, 360]
33 car [791, 404]
32 car [354, 390]
31 car [666, 405]
25 car [402, 326]
15 car [650, 367]
10 car [628, 339]
9 car [733, 333]
2 car [597, 283]
0 frame changed

50 car [875, 588]
48 car [598, 381]
47 car [625, 437]
44 car [883, 494]
42 car [810, 505]
41 car [549, 294]
40 car [747, 355]
33 car [787, 399]
32 car [355, 396]
31 car [663, 404]
25 car [396, 329]
15 car [651, 367]
10 car [628, 340]
9 car [733, 333]
2 car [597, 284]
0 frame changed

50 car [865, 574]
48 car [593, 371]
47 car [617, 426]
44 car [874, 485]
42 car [801, 494]
41 car [549, 294]
33 car [785, 394]
32 car [353, 404]
31 car [663, 402]
29 car [649, 295]
25 car [387, 334]
15 car [651, 367]
10 car [627, 339]
2 car [597, 284]
0 frame changed

56 car [949, 584]
50 car [859, 562]
48 car [590, 367]
47 car [612, 416]
44 car [866, 475]
42 car [792, 482]
41 car [549, 294]
32 car [352, 414]
31 car [663, 401]
29 car [649, 293]
25 car [380, 338]
15 car [651, 368]
10 car [627, 339]
2 car [596, 284]
0 frame changed

57 car [782, 392]
56 car [932, 568]
50 car [853, 551]
48 car [589, 362]
47 car [609, 409]
44 car [860, 468]
42 car [784, 472]
41 car [550, 295]
40 car [745, 353]
32 car [353, 422]
31 car [662, 401]
29 car [649, 292]
25 car [375, 342]
15 car [651, 368]
2 car [597, 283]
0 frame changed

57 car [780, 387]
56 car [920, 552]
50 car [846, 541]
48 car [587, 360]
47 car [606, 402]
44 car [851, 460]
42 car [776, 459]
41 car [549, 294]
40 car [744, 353]
32 car [352, 430]
31 car [661, 401]
29 car [649, 291]
25 car [371, 349]
15 car [652, 369]
2 car [597, 283]
0 frame changed

60 car [905, 642]
57 car [778, 386]
56 car [908, 536]
50 car [839, 532]
48 car [585, 354]
47 car [602, 397]
44 car [845, 455]
42 car [766, 448]
41 car [549, 295]
40 car [744, 354]
31 car [663, 400]
29 car [648, 291]
25 car [365, 356]
0 frame changed

60 car [894, 630]
57 car [774, 383]
56 car [895, 523]
50 car [831, 522]
48 car [584, 351]
47 car [600, 392]
44 car [838, 449]
42 car [757, 435]
41 car [550, 296]
40 car [743, 353]
31 car [662, 400]
29 car [647, 292]
25 car [361, 363]
0 frame changed

60 car [883, 617]
57 car [773, 381]
56 car [885, 510]
50 car [824, 511]
48 car [583, 348]
47 car [597, 387]
44 car [833, 442]
42 car [750, 427]
41 car [550, 296]
40 car [743, 353]
31 car [662, 400]
25 car [358, 370]
15 car [651, 366]
0 frame changed

60 car [874, 604]
57 car [773, 379]
56 car [875, 498]
50 car [813, 501]
48 car [581, 341]
47 car [595, 384]
44 car [826, 435]
42 car [742, 417]
41 car [549, 295]
40 car [744, 352]
31 car [659, 395]
25 car [358, 377]
15 car [652, 366]
2 car [598, 283]
0 frame changed

65 car [495, 339]
60 car [866, 592]
57 car [771, 380]
50 car [804, 490]
48 car [581, 338]
42 car [736, 406]
41 car [550, 296]
40 car [744, 353]
25 car [358, 384]
15 car [653, 365]
10 car [625, 339]
2 car [598, 284]
0 frame changed

68 car [663, 403]
66 car [823, 432]
60 car [860, 582]
59 car [866, 486]
58 car [592, 381]
57 car [771, 379]
50 car [797, 480]
48 car [578, 337]
41 car [550, 296]
25 car [360, 393]
0 frame changed

68 car [663, 403]
66 car [817, 426]
60 car [852, 573]
59 car [859, 480]
58 car [591, 378]
57 car [770, 379]
50 car [788, 469]
48 car [576, 336]
41 car [549, 296]
25 car [360, 399]
0 frame changed

68 car [663, 403]
66 car [815, 422]
65 car [515, 391]
60 car [846, 562]
59 car [853, 472]
57 car [771, 380]
50 car [778, 459]
48 car [574, 335]
42 car [716, 380]
41 car [549, 296]
32 car [342, 502]
25 car [360, 408]
10 car [626, 340]
2 car [598, 284]
0 frame changed

68 car [663, 402]
66 car [811, 419]
65 car [524, 409]
59 car [848, 465]
57 car [772, 379]
50 car [771, 449]
41 car [550, 295]
25 car [362, 417]
0 frame changed

68 car [663, 402]
66 car [810, 416]
65 car [533, 431]
59 car [844, 460]
58 car [585, 368]
50 car [763, 440]
41 car [550, 295]
0 frame changed

66 car [809, 414]
65 car [541, 455]
60 car [821, 530]
59 car [838, 454]
50 car [756, 430]
0 frame changed

66 car [807, 412]
59 car [833, 451]
50 car [748, 421]
0 frame changed

66 car [807, 411]
59 car [831, 448]
58 car [578, 361]
50 car [742, 413]
0 frame changed

68 car [663, 402]
66 car [807, 409]
59 car [831, 445]
58 car [573, 358]
0 frame changed

68 car [663, 402]
66 car [806, 407]
59 car [828, 443]
0 frame changed

68 car [660, 396]
66 car [805, 406]
59 car [824, 440]
0 frame changed

70 car [344, 492]
66 car [805, 407]
59 car [824, 439]
58 car [537, 356]
50 car [724, 382]
0 frame changed

70 car [338, 501]
66 car [804, 407]
58 car [521, 355]
50 car [718, 376]
0 frame changed

74 car [823, 440]
66 car [804, 407]
58 car [498, 355]
0 frame changed

74 car [822, 440]
58 car [475, 355]
0 frame changed

74 car [820, 439]
58 car [457, 356]
0 frame changed

74 car [820, 439]
58 car [439, 361]
0 frame changed

74 car [819, 438]
0 frame changed

0 frame changed

78 car [825, 548]
0 frame changed

0 frame changed

0 frame changed

0 frame changed

0 frame changed

0 frame changed

0 frame changed

78 car [792, 497]
0 frame changed

78 car [787, 491]
0 frame changed

0 frame changed

0 frame changed

0 frame changed

84 car [410, 298]
0 frame changed

84 car [399, 299]
78 car [767, 462]
0 frame changed

0 frame changed

0 frame changed

84 car [372, 310]
78 car [758, 448]
0 frame changed

84 car [367, 315]
78 car [756, 443]
0 frame changed

84 car [363, 319]
78 car [750, 436]
0 frame changed

84 car [359, 322]
78 car [746, 431]
0 frame changed

90 car [745, 352]
89 car [597, 283]
84 car [357, 327]
78 car [742, 426]
0 frame changed

90 car [746, 352]
89 car [597, 283]
88 car [692, 349]
78 car [740, 423]
0 frame changed

97 car [480, 132]
96 car [544, 282]
94 car [660, 130]
90 car [746, 352]
78 car [737, 419]
0 frame changed

94 car [634, 129]
78 car [736, 415]
0 frame changed

94 car [606, 129]
78 car [733, 411]
0 frame changed

94 car [581, 130]
78 car [731, 408]
0 frame changed

94 car [551, 131]
89 car [597, 282]
78 car [730, 405]
0 frame changed

94 car [527, 132]
89 car [597, 284]
78 car [727, 403]
0 frame changed

103 car [987, 625]
102 car [340, 496]
94 car [502, 131]
89 car [598, 283]
78 car [726, 402]
0 frame changed

103 car [975, 614]
102 car [332, 502]
94 car [479, 130]
89 car [598, 282]
78 car [722, 398]
0 frame changed

103 car [967, 603]
78 car [721, 395]
0 frame changed

103 car [958, 595]
78 car [720, 394]
0 frame changed

103 car [952, 588]
78 car [721, 394]
0 frame changed

105 car [656, 129]
103 car [947, 580]
0 frame changed

106 car [659, 394]
105 car [628, 128]
103 car [941, 573]
0 frame changed

106 car [658, 393]
105 car [601, 127]
103 car [937, 566]
100 car [352, 428]
78 car [720, 391]
0 frame changed

107 car [1152, 640]
106 car [657, 393]
105 car [575, 128]
103 car [932, 561]
90 car [746, 352]
89 car [597, 282]
78 car [719, 391]
0 frame changed

111 car [641, 349]
109 car [532, 266]
106 car [657, 392]
105 car [544, 127]
103 car [927, 556]
90 car [745, 352]
89 car [597, 282]
78 car [718, 389]
0 frame changed

109 car [533, 266]
106 car [657, 392]
105 car [518, 128]
103 car [924, 551]
90 car [745, 352]
89 car [597, 282]
78 car [717, 388]
0 frame changed

109 car [532, 266]
106 car [657, 390]
105 car [490, 127]
103 car [919, 548]
90 car [746, 353]
89 car [598, 282]
78 car [717, 387]
0 frame changed

106 car [657, 387]
105 car [461, 127]
103 car [916, 544]
90 car [746, 352]
78 car [716, 386]
0 frame changed

106 car [655, 385]
105 car [433, 127]
104 car [592, 370]
103 car [914, 541]
90 car [747, 353]
78 car [715, 385]
0 frame changed

116 car [843, 659]
111 car [632, 339]
106 car [653, 384]
104 car [592, 367]
103 car [912, 538]
100 car [350, 483]
90 car [745, 353]
78 car [713, 384]
0 frame changed

116 car [826, 641]
111 car [630, 338]
106 car [654, 385]
104 car [589, 365]
103 car [912, 537]
100 car [348, 489]
90 car [745, 352]
78 car [713, 383]
0 frame changed

111 car [630, 337]
106 car [653, 383]
104 car [587, 363]
103 car [910, 535]
90 car [746, 352]
78 car [714, 383]
0 frame changed

117 car [632, 103]
111 car [628, 335]
106 car [651, 380]
104 car [586, 360]
103 car [908, 533]
90 car [745, 352]
78 car [710, 382]
0 frame changed

117 car [631, 102]
116 car [786, 582]
114 bicycle [129, 432]
111 car [627, 334]
106 car [651, 378]
104 car [585, 356]
103 car [907, 532]
100 car [335, 508]
90 car [745, 351]
78 car [714, 382]
0 frame changed

116 car [773, 565]
114 bicycle [130, 429]
111 car [626, 334]
106 car [650, 378]
104 car [583, 352]
103 car [907, 532]
78 car [715, 381]
0 frame changed

121 car [656, 132]
116 car [764, 550]
114 bicycle [127, 426]
111 car [626, 334]
106 car [649, 377]
104 car [581, 349]
103 car [906, 532]
0 frame changed

123 car [708, 378]
121 car [628, 131]
116 car [754, 537]
114 bicycle [125, 423]
106 car [646, 376]
104 car [579, 347]
103 car [907, 532]
90 car [745, 352]
0 frame changed

123 car [707, 378]
121 car [600, 132]
116 car [745, 526]
106 car [645, 376]
104 car [578, 346]
103 car [908, 532]
90 car [745, 352]
0 frame changed

123 car [707, 378]
121 car [575, 133]
117 car [624, 103]
116 car [737, 515]
106 car [644, 373]
104 car [575, 341]
103 car [908, 532]
90 car [745, 352]
0 frame changed

123 car [707, 377]
121 car [545, 132]
116 car [728, 502]
114 bicycle [116, 412]
111 car [625, 326]
103 car [908, 532]
0 frame changed

125 car [642, 366]
123 car [707, 376]
121 car [518, 132]
116 car [721, 491]
114 bicycle [111, 408]
111 car [624, 326]
103 car [907, 532]
0 frame changed

125 car [641, 367]
123 car [707, 376]
121 car [492, 132]
116 car [715, 483]
111 car [624, 326]
103 car [907, 532]
0 frame changed

125 car [641, 366]
123 car [705, 376]
121 car [464, 132]
116 car [710, 474]
111 car [623, 326]
103 car [907, 533]
0 frame changed

125 car [642, 363]
123 car [705, 375]
121 car [435, 131]
117 car [620, 104]
116 car [703, 467]
111 car [623, 325]
103 car [908, 533]
0 frame changed

130 car [721, 327]
125 car [641, 362]
123 car [705, 375]
121 car [408, 131]
116 car [697, 459]
111 car [623, 325]
103 car [907, 533]
90 car [746, 352]
0 frame changed

130 car [723, 325]
125 car [640, 360]
123 car [704, 373]
121 car [381, 130]
116 car [695, 452]
111 car [622, 324]
103 car [907, 533]
90 car [745, 352]
0 frame changed

133 car [768, 560]
130 car [723, 325]
125 car [640, 359]
116 car [690, 444]
111 car [622, 324]
103 car [908, 533]
0 frame changed

133 car [755, 544]
130 car [722, 325]
116 car [688, 440]
111 car [621, 324]
103 car [908, 533]
0 frame changed

133 car [745, 530]
130 car [722, 325]
123 car [701, 374]
116 car [685, 434]
111 car [622, 324]
103 car [908, 534]
90 car [745, 351]
0 frame changed

133 car [737, 517]
125 car [638, 355]
123 car [700, 373]
116 car [681, 426]
111 car [623, 324]
104 car [562, 308]
103 car [908, 534]
90 car [745, 350]
0 frame changed

137 car [398, 186]
136 car [1154, 652]
133 car [729, 504]
125 car [636, 353]
123 car [701, 371]
116 car [677, 421]
111 car [623, 324]
103 car [907, 534]
0 frame changed

137 car [423, 186]
136 car [1170, 643]
130 car [722, 324]
125 car [636, 353]
123 car [700, 370]
111 car [622, 324]
103 car [907, 533]
0 frame changed

140 car [678, 418]
137 car [447, 186]
136 car [1191, 636]
130 car [721, 324]
125 car [636, 353]
123 car [700, 370]
111 car [622, 324]
103 car [907, 535]
90 car [744, 350]
0 frame changed

140 car [676, 414]
137 car [473, 188]
136 car [1212, 628]
133 car [707, 477]
130 car [721, 324]
125 car [635, 354]
111 car [623, 324]
103 car [907, 535]
0 frame changed

140 car [672, 410]
137 car [500, 187]
133 car [700, 471]
130 car [722, 325]
125 car [636, 353]
111 car [623, 324]
103 car [907, 534]
0 frame changed

140 car [670, 407]
137 car [528, 187]
133 car [696, 466]
125 car [635, 353]
111 car [623, 324]
103 car [908, 535]
0 frame changed

140 car [668, 404]
133 car [693, 459]
125 car [636, 353]
111 car [624, 324]
103 car [909, 535]
0 frame changed

140 car [665, 401]
133 car [690, 453]
125 car [635, 353]
111 car [623, 324]
103 car [908, 534]
0 frame changed

140 car [663, 399]
133 car [686, 448]
125 car [635, 352]
111 car [623, 324]
103 car [907, 533]
0 frame changed

140 car [663, 397]
137 car [654, 190]
133 car [684, 445]
125 car [635, 351]
111 car [623, 323]
103 car [908, 533]
0 frame changed

140 car [662, 395]
133 car [680, 441]
125 car [635, 352]
111 car [624, 323]
103 car [909, 535]
0 frame changed

140 car [660, 392]
133 car [679, 439]
103 car [907, 535]
0 frame changed

140 car [660, 391]
133 car [677, 435]
103 car [908, 534]
0 frame changed

140 car [657, 387]
133 car [674, 432]
125 car [634, 352]
111 car [624, 324]
103 car [909, 535]
0 frame changed

148 car [530, 188]
140 car [657, 385]
133 car [673, 430]
125 car [635, 352]
111 car [624, 323]
103 car [908, 535]
0 frame changed

148 car [555, 187]
140 car [656, 384]
133 car [672, 426]
125 car [635, 352]
111 car [623, 323]
103 car [908, 534]
0 frame changed

148 car [583, 189]
140 car [655, 381]
133 car [670, 424]
125 car [635, 352]
111 car [623, 324]
103 car [907, 534]
0 frame changed

140 car [655, 381]
133 car [668, 421]
111 car [624, 324]
103 car [907, 534]
0 frame changed

133 car [667, 419]
111 car [624, 324]
103 car [907, 534]
0 frame changed

133 car [666, 417]
111 car [623, 324]
103 car [907, 534]
0 frame changed

133 car [665, 417]
111 car [623, 324]
103 car [907, 534]
0 frame changed

140 car [651, 378]
133 car [666, 416]
130 car [721, 325]
125 car [634, 352]
111 car [622, 323]
103 car [907, 534]
0 frame changed

150 car [524, 186]
140 car [651, 378]
133 car [665, 415]
130 car [721, 324]
111 car [622, 324]
103 car [907, 534]
0 frame changed

152 car [552, 280]
150 car [549, 185]
140 car [650, 378]
133 car [663, 414]
130 car [721, 324]
111 car [623, 324]
103 car [908, 534]
0 frame changed

155 car [681, 199]
152 car [553, 282]
150 car [582, 186]
140 car [651, 377]
133 car [662, 414]
111 car [622, 324]
103 car [908, 534]
0 frame changed

152 car [552, 282]
150 car [611, 189]
140 car [651, 376]
133 car [662, 413]
111 car [623, 324]
103 car [907, 534]
0 frame changed

156 car [832, 640]
152 car [552, 283]
150 car [642, 190]
140 car [651, 377]
133 car [663, 413]
111 car [623, 324]
103 car [907, 534]
0 frame changed

157 car [553, 293]
156 car [821, 622]
150 car [672, 192]
140 car [651, 377]
133 car [662, 413]
111 car [623, 324]
103 car [908, 534]
0 frame changed

157 car [553, 292]
156 car [805, 603]
140 car [651, 376]
133 car [663, 412]
111 car [623, 324]
103 car [907, 534]
0 frame changed

156 car [795, 587]
133 car [662, 410]
103 car [908, 533]
0 frame changed

156 car [786, 574]
133 car [662, 409]
103 car [908, 534]
0 frame changed

156 car [781, 565]
133 car [663, 410]
111 car [623, 323]
103 car [907, 534]
0 frame changed

156 car [775, 554]
133 car [662, 410]
111 car [623, 323]
103 car [908, 534]
0 frame changed

156 car [763, 543]
133 car [662, 410]
111 car [623, 323]
103 car [908, 534]
0 frame changed

156 car [756, 532]
140 car [652, 378]
133 car [662, 410]
111 car [623, 323]
103 car [909, 534]
0 frame changed

156 car [750, 521]
140 car [651, 378]
133 car [662, 410]
111 car [623, 323]
103 car [909, 534]
0 frame changed

160 car [747, 592]
156 car [746, 514]
140 car [652, 378]
133 car [662, 410]
111 car [623, 323]
103 car [909, 534]
0 frame changed

165 car [905, 641]
160 car [731, 577]
156 car [737, 505]
152 car [552, 283]
140 car [652, 377]
133 car [662, 410]
130 car [722, 324]
111 car [623, 323]
103 car [909, 535]
0 frame changed

168 car [859, 469]
165 car [893, 627]
160 car [713, 562]
159 car [800, 407]
156 car [734, 498]
152 car [552, 282]
140 car [651, 376]
133 car [662, 410]
130 car [722, 325]
111 car [623, 324]
103 car [909, 535]
0 frame changed

169 car [647, 367]
168 car [860, 469]
165 car [883, 615]
160 car [698, 547]
159 car [799, 406]
156 car [731, 493]
152 car [552, 283]
140 car [651, 377]
133 car [662, 410]
130 car [722, 325]
111 car [623, 323]
103 car [908, 535]
0 frame changed

168 car [861, 469]
165 car [873, 603]
160 car [685, 531]
159 car [800, 406]
156 car [730, 487]
140 car [651, 377]
133 car [663, 410]
111 car [623, 324]
103 car [909, 534]
0 frame changed

168 car [861, 466]
165 car [867, 593]
160 car [671, 516]
156 car [724, 482]
140 car [651, 377]
133 car [663, 410]
111 car [623, 324]
103 car [909, 534]
0 frame changed

165 car [860, 583]
160 car [660, 503]
156 car [720, 479]
140 car [651, 377]
133 car [662, 410]
111 car [622, 324]
103 car [908, 534]
0 frame changed

178 car [837, 658]
165 car [855, 576]
160 car [649, 491]
159 car [799, 407]
156 car [718, 476]
152 car [552, 293]
140 car [651, 377]
133 car [663, 410]
111 car [623, 323]
103 car [908, 534]
0 frame changed

178 car [824, 644]
168 car [860, 468]
165 car [848, 568]
160 car [642, 478]
159 car [800, 407]
156 car [716, 473]
152 car [552, 293]
140 car [651, 377]
133 car [663, 411]
130 car [721, 324]
111 car [623, 323]
103 car [907, 534]
0 frame changed

178 car [818, 630]
173 bicycle [100, 381]
168 car [861, 468]
165 car [843, 559]
160 car [634, 466]
159 car [800, 407]
156 car [714, 465]
152 car [552, 294]
140 car [651, 378]
133 car [662, 411]
111 car [623, 324]
103 car [908, 534]
0 frame changed

178 car [805, 617]
173 bicycle [102, 380]
165 car [835, 553]
160 car [629, 454]
156 car [711, 462]
140 car [651, 378]
133 car [661, 412]
111 car [623, 323]
103 car [909, 535]
0 frame changed

183 car [551, 282]
178 car [797, 606]
173 bicycle [103, 379]
165 car [832, 545]
160 car [623, 444]
156 car [709, 461]
140 car [651, 377]
133 car [662, 411]
111 car [623, 324]
103 car [909, 535]
0 frame changed

183 car [550, 283]
178 car [791, 595]
173 bicycle [104, 377]
165 car [828, 540]
160 car [619, 436]
140 car [651, 378]
133 car [662, 411]
111 car [623, 324]
103 car [909, 535]
0 frame changed

184 car [711, 463]
183 car [549, 283]
178 car [784, 586]
173 bicycle [105, 377]
165 car [821, 534]
160 car [614, 426]
140 car [651, 379]
133 car [663, 411]
130 car [722, 325]
111 car [623, 324]
103 car [909, 535]
0 frame changed

184 car [707, 461]
183 car [550, 283]
178 car [780, 577]
173 bicycle [107, 376]
165 car [818, 529]
160 car [611, 416]
140 car [651, 378]
133 car [663, 411]
130 car [722, 324]
111 car [623, 324]
103 car [910, 536]
0 frame changed

184 car [706, 461]
183 car [550, 283]
178 car [774, 570]
173 bicycle [108, 375]
165 car [815, 522]
160 car [606, 407]
140 car [651, 377]
133 car [663, 411]
111 car [623, 323]
103 car [910, 534]
0 frame changed

184 car [707, 459]
183 car [551, 281]
178 car [768, 562]
165 car [810, 516]
160 car [604, 399]
140 car [651, 376]
133 car [663, 410]
111 car [623, 324]
103 car [909, 533]
0 frame changed

184 car [705, 456]
183 car [551, 281]
178 car [762, 556]
165 car [808, 512]
160 car [599, 391]
133 car [661, 409]
111 car [622, 324]
103 car [909, 534]
0 frame changed

184 car [704, 455]
183 car [551, 282]
178 car [758, 551]
173 bicycle [110, 367]
165 car [804, 506]
160 car [595, 382]
133 car [662, 409]
130 car [721, 325]
111 car [622, 323]
103 car [909, 534]
0 frame changed

184 car [704, 456]
178 car [753, 546]
165 car [799, 502]
160 car [592, 376]
140 car [650, 376]
133 car [663, 410]
130 car [721, 325]
111 car [622, 323]
103 car [908, 534]
0 frame changed

184 car [704, 455]
178 car [749, 541]
165 car [795, 497]
159 car [799, 406]
140 car [651, 377]
133 car [663, 410]
130 car [720, 324]
111 car [621, 324]
103 car [908, 534]
0 frame changed

184 car [705, 454]
178 car [745, 535]
165 car [793, 492]
140 car [651, 377]
133 car [663, 410]
111 car [622, 323]
103 car [908, 535]
0 frame changed

184 car [705, 455]
178 car [738, 530]
165 car [790, 488]
140 car [651, 377]
133 car [663, 410]
111 car [622, 324]
103 car [909, 534]
0 frame changed

184 car [705, 456]
178 car [734, 524]
165 car [786, 484]
140 car [651, 377]
133 car [662, 411]
111 car [623, 324]
103 car [908, 534]
0 frame changed

184 car [705, 456]
178 car [728, 520]
165 car [784, 481]
140 car [651, 377]
133 car [663, 410]
111 car [623, 323]
103 car [909, 534]
0 frame changed

189 car [583, 349]
184 car [706, 455]
178 car [723, 514]
165 car [782, 477]
156 car [646, 365]
140 car [652, 377]
133 car [663, 410]
130 car [722, 324]
111 car [624, 323]
103 car [907, 534]
0 frame changed

189 car [578, 339]
184 car [705, 455]
178 car [714, 507]
165 car [778, 473]
140 car [652, 377]
133 car [663, 410]
130 car [721, 323]
111 car [623, 324]
103 car [908, 533]
0 frame changed

189 car [576, 335]
184 car [705, 454]
178 car [703, 500]
165 car [776, 470]
140 car [651, 377]
133 car [663, 410]
111 car [624, 324]
103 car [907, 534]
0 frame changed

184 car [706, 454]
178 car [693, 495]
165 car [774, 467]
140 car [651, 378]
133 car [663, 410]
111 car [624, 323]
103 car [908, 534]
0 frame changed

184 car [707, 455]
178 car [685, 488]
165 car [772, 464]
140 car [651, 377]
133 car [663, 411]
111 car [623, 324]
103 car [907, 534]
0 frame changed

191 car [822, 613]
189 car [568, 327]
184 car [706, 455]
178 car [675, 482]
165 car [769, 462]
140 car [651, 378]
133 car [662, 411]
111 car [623, 324]
103 car [909, 534]
0 frame changed

191 car [803, 592]
189 car [560, 325]
184 car [707, 454]
178 car [664, 476]
165 car [769, 459]
140 car [651, 378]
133 car [663, 411]
111 car [623, 324]
103 car [907, 533]
0 frame changed

191 car [790, 576]
189 car [554, 323]
184 car [705, 455]
178 car [658, 470]
165 car [767, 458]
140 car [651, 378]
133 car [663, 410]
111 car [624, 324]
103 car [907, 533]
0 frame changed

191 car [775, 560]
184 car [705, 455]
178 car [650, 462]
165 car [766, 455]
140 car [651, 378]
133 car [661, 409]
111 car [624, 324]
103 car [907, 533]
0 frame changed

193 car [642, 354]
192 car [798, 407]
184 car [705, 455]
178 car [646, 457]
165 car [764, 454]
140 car [650, 377]
133 car [660, 409]
111 car [624, 324]
103 car [909, 535]
0 frame changed

193 car [641, 355]
192 car [799, 408]
190 car [664, 411]
189 car [525, 321]
184 car [705, 455]
178 car [640, 452]
165 car [764, 453]
140 car [651, 378]
111 car [623, 323]
103 car [909, 535]
0 frame changed

193 car [641, 354]
192 car [799, 408]
191 car [740, 524]
190 car [664, 411]
189 car [516, 320]
184 car [705, 456]
178 car [635, 446]
165 car [763, 453]
140 car [650, 377]
111 car [623, 323]
103 car [909, 534]
0 frame changed

193 car [641, 354]
192 car [800, 408]
189 car [503, 320]
184 car [705, 455]
178 car [631, 441]
165 car [762, 452]
140 car [650, 377]
130 car [720, 323]
111 car [623, 324]
103 car [908, 535]
0 frame changed

193 car [643, 354]
192 car [800, 407]
189 car [491, 320]
184 car [705, 456]
178 car [628, 437]
165 car [762, 450]
140 car [652, 378]
130 car [721, 323]
111 car [624, 324]
103 car [909, 534]
0 frame changed

193 car [643, 354]
191 car [712, 501]
190 car [663, 410]
189 car [477, 321]
184 car [706, 455]
178 car [623, 431]
165 car [761, 450]
111 car [624, 323]
103 car [908, 534]
0 frame changed

191 car [701, 496]
190 car [662, 411]
189 car [460, 322]
184 car [705, 454]
178 car [617, 424]
165 car [760, 449]
111 car [623, 324]
103 car [906, 534]
0 frame changed

191 car [692, 490]
190 car [661, 413]
189 car [446, 324]
184 car [706, 453]
178 car [614, 420]
165 car [760, 449]
140 car [650, 375]
111 car [623, 324]
103 car [906, 534]
0 frame changed

194 car [1009, 653]
192 car [799, 407]
191 car [686, 485]
190 car [661, 411]
189 car [434, 325]
184 car [706, 454]
178 car [614, 414]
165 car [760, 449]
140 car [651, 376]
111 car [623, 324]
103 car [907, 534]
0 frame changed

194 car [1002, 643]
192 car [799, 407]
191 car [680, 479]
190 car [665, 411]
189 car [424, 327]
184 car [707, 454]
178 car [613, 409]
165 car [761, 448]
140 car [651, 377]
111 car [624, 324]
103 car [907, 534]
0 frame changed

194 car [994, 632]
192 car [799, 407]
191 car [675, 474]
190 car [663, 410]
189 car [414, 329]
184 car [705, 455]
178 car [611, 403]
165 car [760, 448]
140 car [650, 376]
111 car [624, 324]
103 car [907, 533]
0 frame changed

194 car [985, 623]
193 car [642, 354]
191 car [671, 464]
190 car [663, 410]
189 car [404, 332]
184 car [705, 454]
178 car [607, 396]
165 car [761, 448]
140 car [649, 376]
130 car [721, 323]
111 car [624, 323]
103 car [907, 533]
0 frame changed

194 car [980, 616]
190 car [661, 409]
189 car [393, 336]
184 car [707, 455]
178 car [604, 391]
165 car [761, 448]
111 car [624, 324]
103 car [907, 533]
0 frame changed

199 car [660, 462]
198 car [832, 648]
194 car [972, 609]
190 car [660, 410]
189 car [386, 339]
184 car [707, 455]
178 car [602, 388]
165 car [760, 448]
111 car [623, 324]
103 car [908, 534]
0 frame changed

199 car [655, 459]
198 car [822, 633]
194 car [967, 602]
190 car [662, 411]
189 car [380, 343]
184 car [708, 455]
178 car [603, 384]
165 car [761, 448]
111 car [624, 324]
103 car [907, 534]
0 frame changed

199 car [651, 455]
194 car [962, 595]
190 car [663, 411]
189 car [374, 346]
184 car [707, 455]
178 car [601, 379]
165 car [762, 448]
111 car [624, 324]
103 car [907, 534]
0 frame changed

199 car [645, 450]
184 car [706, 455]
165 car [761, 448]
103 car [908, 534]
0 frame changed

199 car [643, 445]
198 car [794, 591]
184 car [705, 455]
165 car [761, 448]
103 car [907, 533]
0 frame changed

199 car [640, 443]
198 car [787, 580]
194 car [952, 584]
190 car [664, 411]
189 car [357, 357]
184 car [705, 455]
178 car [593, 368]
165 car [761, 448]
111 car [623, 324]
103 car [907, 533]
0 frame changed

198 car [782, 572]
189 car [351, 362]
184 car [705, 455]
178 car [592, 363]
165 car [762, 449]
111 car [623, 324]
103 car [908, 535]
0 frame changed

198 car [773, 561]
189 car [347, 366]
184 car [704, 455]
178 car [591, 361]
165 car [761, 449]
111 car [624, 324]
103 car [909, 534]
0 frame changed

199 car [630, 433]
198 car [769, 552]
194 car [945, 576]
190 car [666, 410]
184 car [706, 455]
178 car [591, 358]
165 car [762, 449]
111 car [623, 323]
103 car [909, 533]
0 frame changed

200 bicycle [60, 450]
199 car [626, 432]
198 car [761, 544]
194 car [944, 575]
184 car [704, 455]
178 car [589, 354]
165 car [761, 449]
111 car [623, 323]
103 car [908, 533]
0 frame changed

202 car [621, 422]
201 car [661, 409]
200 bicycle [63, 448]
199 car [623, 429]
198 car [756, 537]
194 car [942, 575]
192 car [798, 406]
184 car [705, 455]
178 car [585, 353]
165 car [761, 449]
140 car [650, 376]
111 car [622, 324]
103 car [908, 535]
0 frame changed

202 car [620, 420]
200 bicycle [64, 447]
198 car [753, 533]
194 car [944, 574]
184 car [706, 455]
178 car [584, 352]
165 car [761, 450]
140 car [650, 378]
111 car [624, 324]
103 car [910, 534]
0 frame changed

204 car [722, 324]
202 car [619, 418]
200 bicycle [64, 447]
198 car [749, 527]
194 car [944, 574]
184 car [707, 455]
178 car [583, 350]
165 car [762, 449]
140 car [650, 378]
111 car [624, 324]
103 car [909, 533]
0 frame changed

202 car [617, 414]
201 car [662, 409]
198 car [747, 522]
194 car [943, 573]
184 car [706, 455]
178 car [582, 347]
165 car [762, 449]
140 car [651, 377]
111 car [624, 323]
103 car [909, 533]
0 frame changed

202 car [616, 413]
201 car [662, 410]
198 car [744, 518]
194 car [944, 574]
184 car [705, 455]
178 car [581, 345]
165 car [762, 450]
140 car [650, 376]
111 car [624, 323]
103 car [909, 533]
0 frame changed

205 car [335, 407]
202 car [614, 408]
201 car [661, 410]
198 car [743, 514]
194 car [945, 574]
184 car [705, 455]
178 car [578, 346]
165 car [762, 450]
140 car [649, 375]
111 car [623, 323]
103 car [908, 533]
0 frame changed

205 car [335, 411]
202 car [614, 407]
201 car [661, 410]
198 car [739, 513]
194 car [944, 575]
184 car [706, 456]
178 car [576, 341]
165 car [761, 450]
140 car [650, 377]
111 car [623, 324]
103 car [909, 533]
0 frame changed

205 car [337, 416]
202 car [614, 405]
198 car [735, 508]
194 car [945, 575]
184 car [707, 456]
178 car [575, 338]
165 car [762, 450]
140 car [649, 376]
111 car [624, 324]
103 car [909, 533]
0 frame changed

205 car [335, 420]
202 car [613, 404]
198 car [732, 505]
194 car [946, 576]
184 car [707, 455]
178 car [575, 336]
165 car [762, 450]
140 car [651, 376]
111 car [624, 324]
103 car [909, 535]
0 frame changed

205 car [335, 423]
202 car [613, 402]
198 car [727, 502]
194 car [946, 575]
184 car [706, 455]
178 car [574, 334]
165 car [762, 449]
111 car [623, 324]
103 car [908, 534]
0 frame changed

205 car [335, 427]
202 car [611, 397]
201 car [661, 410]
198 car [724, 500]
194 car [945, 574]
184 car [706, 455]
178 car [572, 332]
165 car [762, 449]
111 car [623, 323]
103 car [908, 533]
10 car [731, 492]
9 car [920, 557]
8 car [597, 551]
7 car [459, 371]
6 car [696, 348]
5 car [617, 321]
4 car [708, 298]
3 car [597, 282]
2 car [550, 295]
1 car [357, 281]
0 frame changed

11 car [846, 663]
10 car [722, 479]
9 car [908, 540]
8 car [603, 570]
7 car [459, 380]
5 car [617, 320]
4 car [707, 296]
3 car [597, 282]
2 car [549, 294]
1 car [354, 281]
0 frame changed

10 car [713, 466]
9 car [896, 525]
7 car [464, 393]
5 car [617, 320]
4 car [708, 297]
3 car [597, 283]
2 car [549, 294]
0 frame changed

10 car [731, 492]
9 car [920, 557]
8 car [597, 551]
7 car [459, 371]
6 car [696, 350]
5 car [617, 321]
4 car [708, 298]
3 car [548, 295]
2 car [597, 284]
1 car [357, 281]
0 frame changed

11 car [846, 663]
10 car [722, 479]
9 car [908, 540]
8 car [603, 570]
7 car [459, 380]
5 car [617, 320]
4 car [707, 296]
3 car [549, 294]
2 car [597, 282]
1 car [354, 281]
0 frame changed

