12 car [859, 387]
11 car [617, 395]
10 car [1127, 393]
9 car [688, 291]
8 car [1699, 330]
7 car [765, 72]
6 car [1024, 152]
5 car [1079, 279]
4 car [848, 269]
3 car [1046, 213]
2 car [1022, 137]
1 car [1847, 605]
0 frame changed

14 car [1698, 434]
13 car [1583, 252]
12 car [861, 386]
11 car [616, 396]
10 car [1126, 393]
9 car [687, 294]
7 car [759, 93]
6 car [1022, 152]
5 car [1081, 280]
4 car [850, 268]
3 car [1045, 211]
2 car [1021, 138]
0 frame changed

12 car [860, 386]
11 car [616, 394]
10 car [1127, 393]
9 car [688, 291]
7 car [752, 121]
6 car [1021, 150]
5 car [1080, 280]
4 car [850, 268]
3 car [1046, 212]
0 frame changed

12 car [860, 385]
11 car [618, 395]
10 car [1125, 393]
9 car [690, 290]
7 car [739, 148]
6 car [1021, 150]
5 car [1080, 280]
4 car [848, 268]
3 car [1046, 213]
0 frame changed

12 car [860, 385]
11 car [618, 395]
10 car [1125, 393]
9 car [690, 290]
7 car [721, 173]
6 car [1022, 150]
5 car [1081, 280]
4 car [844, 267]
3 car [1045, 212]
0 frame changed

12 car [861, 378]
11 car [617, 395]
10 car [1125, 393]
9 car [690, 299]
7 car [691, 195]
6 car [1022, 150]
5 car [1081, 279]
4 car [844, 269]
3 car [1045, 212]
2 car [1021, 138]
0 frame changed

12 car [860, 375]
11 car [617, 395]
10 car [1126, 392]
9 car [691, 302]
6 car [1022, 151]
5 car [1081, 280]
4 car [845, 268]
3 car [1046, 211]
2 car [1021, 139]
0 frame changed

12 car [861, 381]
11 car [618, 396]
10 car [1126, 395]
9 car [692, 301]
6 car [1021, 150]
5 car [1080, 279]
4 car [847, 268]
3 car [1047, 211]
0 frame changed

12 car [860, 377]
11 car [611, 402]
10 car [1124, 398]
9 car [688, 297]
6 car [1023, 149]
5 car [1081, 280]
4 car [847, 269]
3 car [1046, 211]
0 frame changed

12 car [860, 383]
11 car [600, 413]
10 car [1132, 407]
9 car [688, 293]
6 car [1022, 149]
5 car [1081, 284]
4 car [846, 267]
3 car [1047, 212]
0 frame changed

12 car [861, 386]
11 car [588, 429]
10 car [1136, 414]
9 car [687, 300]
6 car [1023, 150]
4 car [844, 266]
3 car [1045, 212]
0 frame changed

15 car [1078, 301]
12 car [861, 393]
11 car [578, 458]
10 car [1145, 441]
9 car [688, 305]
6 car [1023, 150]
4 car [844, 265]
3 car [1046, 212]
2 car [1021, 138]
0 frame changed

19 car [873, 30]
16 car [867, 195]
15 car [1078, 306]
12 car [860, 404]
11 car [549, 508]
9 car [680, 320]
6 car [1021, 146]
4 car [842, 270]
3 car [1047, 214]
0 frame changed

15 car [1079, 310]
11 car [522, 561]
9 car [669, 338]
6 car [1022, 147]
4 car [847, 270]
3 car [1047, 214]
0 frame changed

15 car [1084, 320]
9 car [652, 371]
6 car [1022, 146]
4 car [847, 275]
3 car [1048, 215]
0 frame changed

40 car [1070, 41]
16 car [868, 196]
15 car [1089, 330]
12 car [854, 477]
9 car [628, 416]
6 car [1021, 149]
4 car [847, 284]
3 car [1049, 218]
0 frame changed

41 car [329, 939]
40 car [1072, 50]
19 car [870, 29]
16 car [868, 201]
15 car [1098, 348]
12 car [854, 523]
9 car [597, 476]
6 car [1020, 150]
4 car [845, 300]
0 frame changed

44 car [1055, 242]
40 car [1080, 56]
19 car [870, 28]
15 car [1109, 370]
6 car [1021, 150]
4 car [841, 321]
0 frame changed

44 car [1055, 245]
43 car [872, 215]
40 car [1085, 63]
19 car [870, 28]
15 car [1125, 401]
6 car [1021, 151]
4 car [835, 355]
0 frame changed

44 car [1056, 250]
43 car [871, 220]
40 car [1090, 69]
19 car [870, 29]
6 car [1021, 154]
4 car [833, 395]
0 frame changed

48 car [809, 937]
44 car [1059, 259]
43 car [871, 238]
40 car [1095, 72]
19 car [870, 28]
10 car [1166, 494]
6 car [1023, 155]
4 car [826, 445]
0 frame changed

49 car [864, 156]
44 car [1064, 272]
43 car [867, 255]
40 car [1094, 70]
19 car [871, 29]
10 car [1191, 554]
6 car [1022, 161]
0 frame changed

49 car [867, 172]
44 car [1068, 290]
43 car [865, 273]
42 car [872, 48]
40 car [1096, 71]
19 car [871, 29]
12 car [815, 617]
6 car [1025, 164]
0 frame changed

44 car [1074, 310]
43 car [862, 301]
42 car [871, 48]
40 car [1095, 72]
19 car [871, 29]
16 car [868, 196]
6 car [1028, 171]
0 frame changed

56 car [866, 93]
44 car [1086, 337]
43 car [854, 334]
40 car [1094, 71]
19 car [873, 30]
16 car [870, 209]
6 car [1030, 180]
0 frame changed

59 car [981, 54]
56 car [866, 95]
52 car [864, 108]
44 car [1099, 368]
43 car [848, 375]
40 car [1097, 70]
19 car [873, 30]
16 car [870, 227]
6 car [1035, 191]
0 frame changed

59 car [986, 70]
52 car [865, 110]
49 car [864, 232]
44 car [1114, 407]
43 car [838, 425]
42 car [872, 49]
40 car [1097, 71]
19 car [874, 28]
6 car [1040, 204]
0 frame changed

59 car [996, 91]
52 car [866, 113]
49 car [861, 260]
42 car [872, 50]
40 car [1098, 70]
19 car [874, 29]
6 car [1048, 225]
0 frame changed

59 car [999, 113]
56 car [864, 132]
52 car [863, 116]
49 car [860, 273]
40 car [1097, 70]
19 car [873, 29]
15 car [1165, 518]
6 car [1054, 242]
0 frame changed

59 car [1005, 133]
56 car [865, 141]
40 car [1093, 70]
19 car [874, 30]
6 car [1064, 268]
0 frame changed

59 car [1016, 155]
56 car [865, 152]
40 car [1096, 72]
19 car [875, 30]
6 car [1073, 293]
0 frame changed

59 car [1025, 182]
56 car [866, 168]
52 car [865, 152]
40 car [1093, 70]
6 car [1094, 330]
0 frame changed

78 car [976, 34]
77 car [865, 96]
59 car [1039, 211]
56 car [866, 184]
42 car [876, 48]
40 car [1094, 71]
6 car [1111, 364]
0 frame changed

78 car [982, 49]
59 car [1053, 245]
56 car [866, 203]
42 car [876, 50]
40 car [1096, 70]
0 frame changed

85 car [756, 95]
84 car [860, 132]
78 car [985, 67]
59 car [1064, 284]
42 car [876, 53]
40 car [1096, 70]
0 frame changed

85 car [746, 118]
84 car [861, 147]
78 car [993, 87]
59 car [1082, 325]
42 car [875, 62]
40 car [1097, 70]
16 car [867, 261]
0 frame changed

86 car [736, 150]
84 car [861, 165]
78 car [1001, 110]
59 car [1100, 378]
42 car [873, 70]
40 car [1096, 71]
16 car [864, 295]
0 frame changed

86 car [721, 184]
84 car [865, 186]
78 car [1012, 138]
42 car [874, 81]
40 car [1096, 69]
19 car [869, 30]
0 frame changed

86 car [705, 214]
84 car [867, 212]
78 car [1027, 168]
60 car [1369, 941]
49 car [857, 419]
42 car [872, 95]
40 car [1097, 70]
19 car [869, 32]
0 frame changed

86 car [692, 247]
84 car [867, 240]
49 car [845, 499]
40 car [1096, 69]
19 car [868, 44]
0 frame changed

86 car [678, 278]
82 car [1065, 239]
77 car [868, 128]
40 car [1096, 69]
0 frame changed

86 car [664, 312]
77 car [869, 147]
40 car [1095, 69]
0 frame changed

89 car [867, 77]
86 car [661, 348]
79 car [782, 29]
77 car [869, 168]
74 car [875, 22]
70 car [791, 948]
60 car [1355, 968]
40 car [1093, 69]
16 car [860, 377]
0 frame changed

77 car [870, 193]
74 car [877, 27]
42 car [868, 106]
40 car [1095, 70]
0 frame changed

77 car [870, 218]
42 car [867, 116]
40 car [1094, 69]
0 frame changed

77 car [867, 250]
42 car [868, 130]
40 car [1093, 71]
19 car [876, 51]
0 frame changed

94 car [865, 172]
93 car [757, 116]
92 car [973, 29]
77 car [860, 292]
42 car [868, 150]
40 car [1094, 71]
19 car [876, 63]
0 frame changed

94 car [865, 195]
93 car [745, 139]
92 car [975, 46]
40 car [1093, 71]
19 car [875, 76]
0 frame changed

94 car [862, 228]
93 car [731, 184]
92 car [980, 58]
40 car [1095, 71]
0 frame changed

94 car [853, 261]
93 car [716, 215]
92 car [991, 82]
89 car [872, 112]
40 car [1095, 70]
0 frame changed

94 car [851, 305]
93 car [700, 250]
92 car [999, 102]
89 car [872, 135]
74 car [877, 32]
40 car [1097, 71]
0 frame changed

93 car [675, 290]
92 car [1006, 122]
89 car [872, 154]
40 car [1097, 70]
0 frame changed

103 car [875, 67]
93 car [658, 340]
92 car [1016, 148]
49 car [797, 949]
42 car [874, 190]
40 car [1093, 69]
0 frame changed

93 car [629, 399]
92 car [1028, 174]
42 car [879, 223]
40 car [1097, 70]
16 car [836, 509]
0 frame changed

105 car [978, 55]
92 car [1046, 202]
42 car [883, 256]
40 car [1095, 70]
0 frame changed

105 car [989, 78]
103 car [869, 133]
92 car [1064, 240]
42 car [884, 300]
40 car [1097, 70]
0 frame changed

105 car [996, 108]
103 car [866, 162]
92 car [1081, 280]
74 car [875, 31]
42 car [885, 353]
40 car [1098, 69]
0 frame changed

74 car [875, 39]
40 car [1097, 70]
0 frame changed

108 car [878, 65]
89 car [875, 230]
40 car [1096, 70]
0 frame changed

108 car [877, 80]
107 car [1034, 215]
89 car [873, 270]
40 car [1095, 70]
0 frame changed

108 car [875, 97]
107 car [1056, 260]
89 car [869, 320]
40 car [1095, 70]
0 frame changed

108 car [870, 127]
107 car [1075, 313]
96 car [884, 930]
40 car [1094, 71]
0 frame changed

113 car [972, 30]
112 car [866, 23]
108 car [867, 159]
107 car [1101, 382]
40 car [1094, 71]
0 frame changed

113 car [977, 47]
108 car [865, 194]
40 car [1096, 73]
0 frame changed

113 car [981, 60]
108 car [866, 232]
40 car [1096, 72]
0 frame changed

113 car [987, 75]
112 car [870, 66]
108 car [860, 276]
40 car [1098, 73]
0 frame changed

113 car [993, 94]
112 car [870, 85]
40 car [1096, 71]
0 frame changed

113 car [998, 114]
112 car [867, 107]
40 car [1093, 70]
0 frame changed

125 car [976, 35]
113 car [1005, 137]
112 car [866, 130]
40 car [1095, 71]
0 frame changed

125 car [979, 52]
113 car [1014, 162]
112 car [863, 159]
40 car [1096, 71]
0 frame changed

125 car [986, 69]
113 car [1027, 190]
112 car [865, 191]
40 car [1098, 72]
0 frame changed

125 car [994, 86]
113 car [1049, 224]
112 car [865, 222]
40 car [1097, 71]
0 frame changed

137 car [681, 273]
125 car [999, 103]
113 car [1064, 262]
112 car [863, 254]
40 car [1097, 69]
0 frame changed

137 car [665, 334]
125 car [1008, 121]
113 car [1074, 300]
112 car [862, 289]
40 car [1097, 69]
0 frame changed

137 car [628, 398]
125 car [1014, 140]
113 car [1088, 343]
112 car [864, 333]
40 car [1095, 69]
0 frame changed

145 car [874, 48]
137 car [592, 480]
125 car [1020, 155]
113 car [1109, 395]
112 car [860, 376]
40 car [1098, 70]
0 frame changed

137 car [535, 594]
125 car [1029, 174]
113 car [1135, 453]
112 car [861, 421]
40 car [1098, 72]
0 frame changed

137 car [467, 755]
125 car [1039, 195]
113 car [1167, 520]
112 car [858, 478]
40 car [1093, 71]
0 frame changed

145 car [877, 104]
140 car [1060, 228]
125 car [1051, 214]
113 car [1201, 594]
40 car [1095, 71]
0 frame changed

145 car [873, 124]
132 car [970, 41]
125 car [1062, 244]
89 car [848, 644]
40 car [1094, 70]
0 frame changed

145 car [874, 140]
132 car [976, 54]
125 car [1076, 270]
40 car [1096, 72]
0 frame changed

157 car [1386, 987]
154 car [880, 45]
145 car [874, 171]
125 car [1087, 301]
40 car [1098, 73]
0 frame changed

159 car [1002, 122]
154 car [878, 62]
145 car [874, 199]
125 car [1102, 340]
40 car [1097, 70]
0 frame changed

159 car [1016, 151]
154 car [882, 82]
145 car [875, 220]
132 car [968, 49]
125 car [1120, 383]
40 car [1096, 71]
0 frame changed

159 car [1029, 178]
154 car [882, 105]
145 car [874, 253]
132 car [972, 68]
40 car [1098, 72]
0 frame changed

164 car [861, 50]
154 car [881, 128]
132 car [981, 88]
74 car [879, 112]
40 car [1098, 73]
0 frame changed

164 car [860, 71]
40 car [1097, 72]
0 frame changed

166 car [1005, 150]
164 car [857, 82]
160 car [877, 181]
159 car [1092, 286]
153 car [1239, 635]
145 car [881, 383]
40 car [1094, 70]
0 frame changed

166 car [1016, 179]
164 car [859, 97]
159 car [1109, 329]
154 car [878, 209]
40 car [1092, 69]
0 frame changed

166 car [1028, 207]
164 car [855, 120]
162 car [880, 29]
159 car [1137, 380]
40 car [1094, 69]
0 frame changed

166 car [1048, 241]
165 car [879, 280]
164 car [853, 146]
40 car [1094, 70]
0 frame changed

174 car [753, 122]
167 car [884, 59]
166 car [1062, 274]
165 car [879, 322]
164 car [855, 174]
40 car [1094, 71]
0 frame changed

174 car [737, 169]
167 car [883, 78]
166 car [1073, 310]
165 car [879, 376]
164 car [851, 205]
40 car [1095, 69]
0 frame changed

174 car [713, 221]
167 car [885, 99]
166 car [1094, 360]
165 car [874, 428]
164 car [851, 241]
162 car [871, 32]
40 car [1095, 70]
0 frame changed

174 car [675, 292]
167 car [885, 116]
166 car [1120, 415]
164 car [847, 280]
40 car [1096, 70]
0 frame changed

40 car [1095, 69]
0 frame changed

190 car [981, 46]
179 car [868, 772]
74 car [877, 170]
40 car [1095, 69]
0 frame changed

194 car [872, 115]
190 car [983, 56]
186 car [864, 51]
179 car [855, 878]
40 car [1098, 70]
0 frame changed

195 car [894, 240]
194 car [869, 134]
190 car [989, 79]
186 car [863, 68]
159 car [1271, 829]
40 car [1095, 69]
0 frame changed

195 car [881, 266]
194 car [868, 157]
190 car [997, 101]
186 car [863, 86]
167 car [868, 171]
159 car [1339, 927]
40 car [1100, 70]
0 frame changed

195 car [880, 305]
190 car [1007, 129]
186 car [859, 98]
145 car [833, 717]
40 car [1110, 72]
0 frame changed

196 car [858, 125]
195 car [881, 348]
190 car [1017, 156]
186 car [861, 115]
40 car [1124, 75]
0 frame changed

198 car [797, 930]
196 car [857, 146]
195 car [876, 400]
194 car [863, 246]
190 car [1028, 190]
186 car [856, 135]
40 car [1141, 77]
0 frame changed

196 car [856, 169]
194 car [866, 278]
190 car [1048, 227]
40 car [1172, 78]
0 frame changed

196 car [856, 192]
194 car [860, 313]
190 car [1064, 265]
0 frame changed

195 car [875, 593]
194 car [860, 353]
190 car [1077, 308]
182 car [1277, 80]
0 frame changed

195 car [877, 686]
194 car [852, 402]
190 car [1101, 368]
182 car [1313, 82]
74 car [860, 242]
0 frame changed

182 car [1340, 81]
74 car [852, 265]
0 frame changed

182 car [1373, 81]
145 car [858, 927]
74 car [852, 299]
0 frame changed

203 car [875, 67]
194 car [837, 572]
182 car [1395, 78]
74 car [853, 340]
0 frame changed

203 car [871, 77]
194 car [826, 658]
182 car [1398, 75]
74 car [850, 385]
0 frame changed

203 car [870, 94]
194 car [819, 772]
0 frame changed

206 car [874, 48]
203 car [867, 114]
194 car [812, 883]
188 car [850, 487]
0 frame changed

207 bicycle [160, 651]
206 car [870, 66]
203 car [866, 141]
194 car [800, 977]
188 car [853, 552]
182 car [1405, 63]
0 frame changed

207 bicycle [159, 651]
206 car [868, 76]
203 car [864, 161]
182 car [1395, 57]
0 frame changed

207 bicycle [157, 651]
206 car [872, 94]
203 car [862, 184]
182 car [1382, 45]
0 frame changed

213 car [837, 938]
212 car [737, 110]
207 bicycle [157, 650]
206 car [869, 114]
203 car [864, 211]
182 car [1371, 39]
0 frame changed

212 car [722, 146]
209 car [871, 142]
207 bicycle [155, 650]
206 car [870, 135]
203 car [864, 241]
182 car [1356, 32]
0 frame changed

212 car [702, 185]
207 bicycle [155, 649]
206 car [869, 156]
203 car [864, 270]
182 car [1343, 25]
0 frame changed

212 car [689, 223]
207 bicycle [156, 649]
206 car [868, 182]
203 car [866, 302]
0 frame changed

212 car [667, 263]
207 bicycle [157, 645]
206 car [871, 203]
203 car [869, 330]
0 frame changed

207 bicycle [159, 646]
206 car [875, 226]
203 car [868, 356]
0 frame changed

207 bicycle [158, 646]
206 car [875, 247]
203 car [867, 377]
0 frame changed

219 car [815, 31]
211 car [872, 54]
207 bicycle [162, 647]
206 car [876, 260]
203 car [869, 394]
0 frame changed

221 car [994, 84]
219 car [824, 49]
212 car [600, 391]
207 bicycle [163, 648]
206 car [878, 277]
203 car [865, 401]
0 frame changed

222 car [866, 96]
221 car [999, 105]
219 car [840, 53]
212 car [590, 403]
207 bicycle [170, 649]
203 car [863, 404]
0 frame changed

224 car [875, 272]
222 car [865, 110]
221 car [1003, 124]
212 car [592, 404]
207 bicycle [181, 647]
203 car [864, 403]
0 frame changed

224 car [876, 273]
222 car [865, 127]
221 car [1011, 146]
212 car [588, 406]
207 bicycle [181, 643]
203 car [863, 403]
0 frame changed

226 car [754, 71]
224 car [880, 272]
222 car [864, 139]
221 car [1016, 167]
219 car [868, 77]
212 car [587, 404]
203 car [864, 403]
0 frame changed

226 car [744, 84]
225 car [872, 89]
224 car [882, 273]
222 car [864, 155]
221 car [1026, 185]
212 car [591, 403]
203 car [863, 402]
0 frame changed

226 car [735, 103]
225 car [876, 95]
224 car [883, 274]
222 car [867, 172]
221 car [1037, 205]
212 car [590, 402]
207 bicycle [187, 646]
0 frame changed

226 car [725, 128]
224 car [884, 275]
222 car [869, 188]
221 car [1046, 225]
219 car [884, 114]
212 car [588, 401]
207 bicycle [184, 644]
206 car [864, 399]
0 frame changed

226 car [710, 150]
224 car [879, 275]
222 car [869, 199]
221 car [1047, 240]
219 car [884, 128]
212 car [586, 400]
207 bicycle [184, 642]
206 car [863, 402]
0 frame changed

226 car [690, 179]
225 car [879, 119]
224 car [875, 274]
221 car [1054, 262]
219 car [882, 133]
212 car [588, 399]
207 bicycle [184, 642]
206 car [863, 402]
0 frame changed

228 car [875, 282]
226 car [661, 204]
225 car [879, 120]
224 car [875, 274]
221 car [1062, 294]
219 car [884, 135]
212 car [589, 401]
207 bicycle [183, 645]
206 car [863, 402]
0 frame changed

229 car [868, 195]
228 car [875, 283]
226 car [628, 228]
225 car [879, 132]
224 car [874, 272]
223 car [1067, 281]
222 car [868, 213]
219 car [882, 148]
212 car [587, 401]
207 bicycle [183, 645]
206 car [864, 401]
0 frame changed

231 car [984, 34]
229 car [868, 197]
228 car [875, 282]
226 car [587, 255]
224 car [873, 272]
223 car [1070, 300]
219 car [881, 153]
212 car [589, 401]
207 bicycle [184, 647]
206 car [865, 401]
0 frame changed

231 car [993, 52]
224 car [873, 273]
223 car [1073, 312]
219 car [880, 156]
207 bicycle [180, 647]
206 car [866, 399]
0 frame changed

231 car [997, 70]
224 car [871, 274]
223 car [1076, 318]
219 car [879, 157]
207 bicycle [176, 647]
206 car [865, 397]
0 frame changed

233 car [913, 45]
231 car [1007, 89]
229 car [872, 210]
224 car [871, 274]
223 car [1079, 324]
222 car [873, 277]
212 car [592, 398]
207 bicycle [178, 645]
206 car [866, 396]
0 frame changed

237 car [366, 412]
233 car [930, 52]
231 car [1015, 109]
225 car [873, 158]
224 car [872, 273]
223 car [1077, 325]
212 car [587, 397]
207 bicycle [180, 646]
206 car [866, 396]
0 frame changed

237 car [250, 455]
233 car [954, 65]
231 car [1022, 126]
225 car [873, 158]
224 car [872, 274]
223 car [1078, 333]
219 car [874, 175]
212 car [588, 396]
207 bicycle [185, 648]
206 car [867, 395]
0 frame changed

233 car [973, 79]
231 car [1031, 143]
225 car [872, 158]
224 car [871, 273]
223 car [1078, 336]
219 car [871, 175]
212 car [590, 396]
206 car [867, 395]
0 frame changed

233 car [996, 91]
231 car [1034, 158]
225 car [873, 157]
224 car [872, 273]
223 car [1079, 336]
212 car [590, 395]
206 car [866, 395]
0 frame changed

233 car [1019, 102]
231 car [1035, 167]
225 car [873, 158]
224 car [874, 273]
223 car [1078, 336]
222 car [874, 279]
212 car [588, 395]
207 bicycle [185, 638]
206 car [867, 395]
0 frame changed

233 car [1048, 115]
231 car [1035, 177]
225 car [874, 159]
224 car [874, 273]
223 car [1077, 337]
222 car [874, 278]
219 car [873, 181]
207 bicycle [185, 638]
206 car [867, 395]
0 frame changed

245 car [1062, 27]
233 car [1079, 129]
231 car [1037, 183]
225 car [874, 158]
224 car [877, 273]
223 car [1077, 336]
219 car [872, 193]
207 bicycle [181, 638]
206 car [866, 394]
0 frame changed

248 car [878, 47]
233 car [1104, 140]
231 car [1036, 187]
229 car [869, 215]
225 car [874, 158]
224 car [874, 273]
223 car [1079, 337]
207 bicycle [184, 640]
206 car [867, 394]
0 frame changed

248 car [879, 67]
233 car [1130, 152]
231 car [1035, 190]
225 car [872, 158]
224 car [873, 274]
223 car [1078, 328]
207 bicycle [186, 646]
206 car [865, 394]
0 frame changed

253 car [761, 80]
248 car [882, 75]
245 car [1074, 45]
242 car [1811, 382]
233 car [1153, 164]
231 car [1034, 191]
225 car [874, 158]
224 car [874, 273]
223 car [1078, 332]
222 car [873, 276]
212 car [590, 394]
207 bicycle [194, 644]
206 car [867, 394]
0 frame changed

253 car [751, 95]
248 car [879, 88]
245 car [1077, 51]
233 car [1170, 176]
231 car [1034, 192]
225 car [870, 168]
224 car [874, 274]
223 car [1077, 328]
222 car [874, 276]
207 bicycle [201, 638]
206 car [868, 394]
0 frame changed

257 car [1449, 95]
253 car [744, 112]
248 car [882, 96]
245 car [1078, 55]
233 car [1185, 190]
231 car [1035, 190]
225 car [870, 172]
224 car [871, 274]
223 car [1077, 330]
222 car [874, 278]
207 bicycle [208, 639]
206 car [866, 391]
0 frame changed

257 car [1425, 72]
253 car [738, 130]
248 car [881, 108]
245 car [1083, 60]
233 car [1199, 204]
231 car [1035, 190]
225 car [874, 162]
224 car [872, 273]
223 car [1080, 332]
212 car [589, 393]
207 bicycle [208, 642]
206 car [866, 392]
0 frame changed

257 car [1398, 52]
253 car [734, 149]
251 car [876, 98]
248 car [878, 112]
245 car [1083, 63]
233 car [1209, 214]
231 car [1034, 190]
224 car [872, 273]
212 car [589, 393]
207 bicycle [215, 638]
206 car [866, 392]
0 frame changed

257 car [1372, 39]
253 car [728, 169]
248 car [877, 117]
245 car [1088, 68]
233 car [1220, 229]
231 car [1035, 188]
224 car [870, 273]
212 car [589, 393]
206 car [866, 392]
0 frame changed

257 car [1348, 25]
253 car [719, 187]
233 car [1229, 244]
231 car [1034, 187]
224 car [870, 274]
223 car [1078, 332]
212 car [590, 393]
206 car [865, 393]
0 frame changed

268 car [989, 76]
267 car [1088, 62]
253 car [711, 206]
251 car [875, 112]
233 car [1241, 259]
231 car [1034, 187]
224 car [870, 273]
223 car [1077, 333]
212 car [587, 392]
206 car [865, 393]
0 frame changed

268 car [996, 94]
267 car [1089, 66]
265 car [1001, 106]
253 car [705, 223]
251 car [877, 112]
233 car [1253, 276]
231 car [1034, 188]
224 car [869, 273]
223 car [1077, 333]
212 car [584, 392]
206 car [865, 394]
0 frame changed

273 car [876, 98]
272 car [871, 22]
268 car [1000, 105]
267 car [1090, 68]
253 car [700, 235]
251 car [875, 111]
248 car [873, 159]
233 car [1261, 289]
231 car [1034, 187]
224 car [869, 273]
223 car [1078, 333]
212 car [588, 394]
206 car [864, 392]
0 frame changed

273 car [878, 98]
272 car [874, 31]
268 car [1006, 112]
267 car [1094, 70]
253 car [695, 249]
251 car [878, 111]
248 car [877, 159]
233 car [1279, 306]
231 car [1035, 187]
224 car [873, 274]
223 car [1079, 332]
212 car [589, 394]
207 bicycle [212, 645]
206 car [864, 392]
0 frame changed

279 car [978, 47]
273 car [878, 98]
268 car [1007, 121]
267 car [1092, 71]
253 car [690, 264]
251 car [878, 111]
248 car [877, 159]
233 car [1288, 318]
231 car [1033, 186]
224 car [872, 274]
223 car [1080, 332]
212 car [590, 394]
207 bicycle [207, 644]
206 car [865, 391]
0 frame changed

279 car [978, 55]
273 car [878, 98]
268 car [1007, 131]
267 car [1094, 72]
253 car [682, 280]
251 car [878, 111]
233 car [1293, 330]
231 car [1033, 187]
224 car [871, 274]
223 car [1080, 332]
222 car [872, 275]
212 car [589, 396]
207 bicycle [206, 641]
206 car [865, 391]
0 frame changed

272 car [873, 50]
268 car [1011, 134]
267 car [1097, 72]
253 car [676, 291]
251 car [879, 110]
233 car [1296, 335]
231 car [1033, 188]
224 car [871, 273]
223 car [1080, 332]
222 car [874, 271]
212 car [590, 396]
207 bicycle [207, 637]
206 car [864, 392]
0 frame changed

268 car [1012, 138]
267 car [1096, 72]
253 car [673, 303]
251 car [878, 110]
233 car [1296, 337]
231 car [1035, 189]
224 car [869, 273]
223 car [1079, 326]
222 car [872, 273]
207 bicycle [210, 628]
206 car [862, 392]
0 frame changed

268 car [1014, 138]
267 car [1096, 71]
253 car [673, 312]
251 car [878, 110]
233 car [1294, 335]
231 car [1035, 192]
224 car [870, 273]
223 car [1080, 330]
207 bicycle [226, 615]
206 car [862, 391]
0 frame changed

290 car [870, 50]
268 car [1015, 149]
267 car [1095, 71]
253 car [667, 319]
252 car [1195, 40]
251 car [878, 111]
233 car [1294, 336]
231 car [1035, 194]
224 car [870, 273]
223 car [1082, 340]
212 car [591, 398]
207 bicycle [232, 624]
206 car [863, 391]
0 frame changed

290 car [868, 49]
267 car [1096, 70]
253 car [670, 322]
252 car [1180, 30]
251 car [878, 111]
233 car [1292, 335]
231 car [1040, 194]
224 car [869, 273]
212 car [590, 396]
206 car [862, 391]
0 frame changed

294 car [1085, 349]
290 car [870, 50]
267 car [1097, 72]
253 car [672, 322]
251 car [880, 112]
233 car [1294, 335]
224 car [871, 273]
212 car [594, 397]
206 car [864, 392]
0 frame changed

290 car [868, 50]
268 car [1019, 159]
267 car [1094, 71]
253 car [673, 324]
251 car [878, 111]
233 car [1294, 335]
224 car [870, 273]
223 car [1081, 329]
212 car [592, 398]
207 bicycle [232, 642]
206 car [865, 392]
0 frame changed

268 car [1020, 157]
267 car [1094, 72]
253 car [674, 323]
251 car [878, 112]
233 car [1292, 334]
223 car [1081, 323]
206 car [866, 391]
0 frame changed

294 car [1084, 351]
268 car [1020, 158]
233 car [1293, 334]
223 car [1081, 319]
206 car [865, 391]
0 frame changed

206 car [866, 390]
0 frame changed

206 car [865, 391]
0 frame changed

206 car [865, 391]
0 frame changed

294 car [1089, 352]
268 car [1021, 160]
233 car [1292, 332]
206 car [864, 392]
0 frame changed

294 car [1087, 349]
206 car [863, 391]
0 frame changed

294 car [1089, 346]
206 car [864, 390]
0 frame changed

294 car [1088, 347]
233 car [1293, 332]
206 car [865, 391]
0 frame changed

294 car [1088, 346]
206 car [864, 390]
0 frame changed

294 car [1088, 347]
249 car [1264, 107]
206 car [864, 391]
0 frame changed

302 car [665, 317]
294 car [1085, 348]
268 car [1022, 159]
267 car [1096, 73]
233 car [1290, 332]
224 car [873, 274]
223 car [1081, 319]
222 car [874, 276]
207 bicycle [232, 642]
206 car [864, 391]
0 frame changed

302 car [664, 317]
294 car [1083, 348]
268 car [1022, 158]
267 car [1094, 73]
253 car [591, 399]
233 car [1289, 331]
224 car [872, 274]
223 car [1081, 319]
222 car [873, 277]
207 bicycle [233, 640]
206 car [865, 391]
0 frame changed

302 car [666, 317]
294 car [1088, 347]
268 car [1022, 159]
267 car [1094, 72]
253 car [591, 400]
249 car [1275, 113]
233 car [1289, 331]
224 car [872, 273]
223 car [1080, 319]
222 car [873, 276]
207 bicycle [232, 641]
206 car [864, 392]
0 frame changed

302 car [672, 316]
294 car [1087, 347]
268 car [1021, 158]
267 car [1094, 72]
253 car [591, 401]
251 car [877, 110]
249 car [1257, 108]
233 car [1289, 332]
224 car [872, 274]
223 car [1080, 318]
222 car [873, 276]
207 bicycle [230, 643]
206 car [863, 391]
0 frame changed

302 car [667, 317]
294 car [1089, 348]
268 car [1020, 159]
267 car [1096, 72]
253 car [591, 400]
233 car [1289, 332]
224 car [873, 274]
223 car [1080, 318]
222 car [874, 276]
207 bicycle [230, 642]
206 car [864, 392]
0 frame changed

316 car [1197, 56]
302 car [667, 317]
294 car [1089, 348]
268 car [1022, 159]
267 car [1096, 71]
253 car [591, 399]
233 car [1289, 332]
224 car [874, 274]
223 car [1080, 317]
222 car [874, 276]
206 car [863, 393]
0 frame changed

302 car [666, 318]
294 car [1086, 346]
268 car [1022, 158]
267 car [1092, 72]
253 car [590, 400]
233 car [1287, 332]
224 car [872, 274]
223 car [1079, 319]
222 car [873, 276]
206 car [864, 391]
0 frame changed

302 car [672, 317]
294 car [1090, 348]
268 car [1023, 161]
267 car [1095, 72]
253 car [591, 400]
233 car [1291, 331]
224 car [874, 273]
223 car [1081, 318]
222 car [873, 276]
206 car [864, 392]
0 frame changed

302 car [668, 317]
294 car [1085, 346]
268 car [1022, 159]
267 car [1096, 73]
253 car [589, 400]
233 car [1289, 332]
224 car [873, 273]
223 car [1080, 319]
222 car [872, 274]
206 car [864, 391]
0 frame changed

302 car [667, 317]
294 car [1086, 345]
268 car [1021, 158]
267 car [1095, 73]
253 car [590, 399]
233 car [1289, 331]
224 car [872, 274]
223 car [1080, 320]
222 car [873, 274]
207 bicycle [230, 636]
206 car [865, 391]
0 frame changed

302 car [667, 316]
294 car [1089, 347]
268 car [1022, 161]
267 car [1097, 73]
253 car [590, 400]
251 car [880, 111]
233 car [1291, 331]
224 car [873, 273]
223 car [1080, 319]
222 car [874, 275]
207 bicycle [243, 640]
206 car [864, 392]
0 frame changed

302 car [667, 316]
294 car [1086, 347]
268 car [1022, 159]
267 car [1094, 72]
253 car [590, 399]
233 car [1289, 332]
224 car [872, 273]
223 car [1081, 319]
222 car [873, 275]
207 bicycle [269, 647]
206 car [864, 391]
0 frame changed

326 car [1243, 11]
302 car [666, 316]
294 car [1089, 349]
268 car [1022, 158]
267 car [1096, 72]
253 car [593, 398]
233 car [1291, 332]
224 car [874, 274]
223 car [1081, 317]
222 car [874, 276]
206 car [863, 392]
0 frame changed

302 car [672, 317]
294 car [1088, 346]
268 car [1022, 159]
267 car [1094, 70]
253 car [591, 399]
233 car [1292, 333]
224 car [874, 273]
223 car [1080, 319]
222 car [876, 277]
206 car [863, 391]
0 frame changed

302 car [672, 317]
294 car [1088, 345]
268 car [1022, 159]
267 car [1093, 71]
253 car [592, 399]
233 car [1290, 333]
224 car [873, 273]
223 car [1080, 319]
222 car [875, 275]
206 car [864, 391]
0 frame changed

302 car [673, 317]
294 car [1088, 346]
268 car [1021, 157]
267 car [1097, 72]
253 car [590, 400]
233 car [1289, 332]
224 car [875, 273]
223 car [1080, 318]
222 car [875, 275]
206 car [864, 392]
0 frame changed

335 bicycle [577, 643]
334 car [1233, 12]
302 car [669, 317]
294 car [1089, 348]
268 car [1021, 156]
267 car [1102, 73]
253 car [594, 400]
233 car [1289, 331]
224 car [874, 273]
223 car [1080, 316]
222 car [874, 275]
206 car [864, 392]
0 frame changed

335 bicycle [650, 636]
332 car [1297, 58]
302 car [671, 316]
294 car [1090, 350]
268 car [1022, 157]
267 car [1107, 74]
253 car [589, 399]
233 car [1289, 331]
224 car [875, 273]
223 car [1080, 315]
222 car [876, 275]
206 car [863, 394]
0 frame changed

335 bicycle [715, 637]
332 car [1275, 43]
302 car [673, 317]
294 car [1088, 353]
268 car [1023, 157]
267 car [1118, 78]
253 car [592, 398]
233 car [1290, 331]
224 car [874, 273]
223 car [1080, 313]
222 car [875, 275]
206 car [861, 392]
0 frame changed

335 bicycle [789, 634]
332 car [1253, 28]
302 car [669, 316]
294 car [1086, 353]
268 car [1023, 155]
267 car [1134, 80]
253 car [591, 398]
233 car [1289, 332]
224 car [874, 274]
223 car [1080, 315]
222 car [874, 275]
206 car [863, 391]
0 frame changed

335 bicycle [852, 632]
332 car [1238, 20]
302 car [671, 317]
294 car [1086, 349]
267 car [1151, 81]
253 car [591, 398]
233 car [1291, 331]
224 car [874, 273]
223 car [1080, 315]
222 car [874, 274]
206 car [863, 391]
0 frame changed

335 bicycle [922, 631]
328 car [1024, 160]
302 car [667, 316]
294 car [1088, 350]
267 car [1181, 81]
253 car [592, 396]
233 car [1289, 331]
224 car [872, 274]
223 car [1079, 314]
222 car [874, 273]
206 car [863, 392]
0 frame changed

342 car [744, 95]
335 bicycle [987, 629]
328 car [1025, 159]
302 car [666, 316]
294 car [1089, 351]
267 car [1228, 83]
253 car [592, 397]
233 car [1290, 331]
224 car [873, 274]
223 car [1078, 316]
222 car [874, 274]
206 car [862, 391]
0 frame changed

342 car [736, 122]
335 bicycle [1053, 631]
328 car [1025, 159]
302 car [665, 316]
294 car [1088, 353]
267 car [1271, 83]
253 car [593, 397]
233 car [1291, 331]
224 car [874, 274]
223 car [1079, 315]
222 car [873, 275]
206 car [863, 392]
0 frame changed

342 car [725, 149]
335 bicycle [1122, 629]
328 car [1024, 158]
302 car [666, 316]
294 car [1085, 350]
267 car [1315, 83]
253 car [592, 397]
233 car [1290, 330]
224 car [873, 274]
223 car [1078, 316]
222 car [871, 274]
206 car [864, 391]
0 frame changed

342 car [712, 173]
335 bicycle [1190, 622]
328 car [1024, 158]
302 car [665, 316]
294 car [1087, 349]
267 car [1355, 82]
253 car [593, 397]
233 car [1289, 331]
224 car [873, 274]
223 car [1079, 316]
222 car [871, 274]
206 car [863, 391]
0 frame changed

342 car [684, 201]
335 bicycle [1266, 617]
328 car [1023, 158]
302 car [659, 318]
294 car [1088, 349]
267 car [1379, 78]
253 car [592, 399]
233 car [1289, 331]
224 car [870, 273]
223 car [1078, 316]
222 car [869, 271]
206 car [864, 392]
0 frame changed

342 car [639, 232]
335 bicycle [1336, 616]
328 car [1024, 158]
294 car [1089, 352]
267 car [1391, 73]
253 car [591, 399]
233 car [1291, 331]
224 car [872, 273]
223 car [1079, 315]
222 car [873, 274]
206 car [864, 392]
0 frame changed

335 bicycle [1401, 611]
328 car [1024, 158]
294 car [1088, 349]
267 car [1401, 68]
253 car [593, 401]
233 car [1290, 331]
224 car [873, 273]
223 car [1079, 316]
222 car [873, 274]
206 car [862, 391]
0 frame changed

354 car [679, 316]
335 bicycle [1469, 606]
328 car [1024, 158]
294 car [1087, 348]
267 car [1392, 59]
233 car [1289, 331]
224 car [872, 274]
223 car [1079, 318]
222 car [873, 275]
206 car [863, 390]
0 frame changed

354 car [676, 317]
335 bicycle [1531, 606]
328 car [1024, 158]
294 car [1088, 351]
233 car [1289, 331]
224 car [873, 273]
223 car [1079, 316]
222 car [874, 276]
206 car [863, 390]
0 frame changed

354 car [677, 316]
335 bicycle [1592, 601]
328 car [1023, 159]
294 car [1088, 351]
253 car [594, 397]
233 car [1289, 331]
224 car [872, 273]
223 car [1079, 316]
222 car [874, 275]
206 car [863, 390]
0 frame changed

361 car [1321, 26]
354 car [676, 317]
335 bicycle [1650, 597]
328 car [1024, 159]
294 car [1088, 353]
253 car [593, 398]
233 car [1289, 331]
224 car [874, 273]
223 car [1080, 314]
222 car [875, 276]
206 car [863, 390]
0 frame changed

354 car [669, 317]
335 bicycle [1716, 594]
328 car [1025, 159]
294 car [1088, 351]
253 car [593, 399]
233 car [1288, 331]
224 car [874, 274]
223 car [1080, 316]
222 car [874, 276]
206 car [863, 391]
0 frame changed

354 car [674, 316]
335 bicycle [1773, 585]
328 car [1024, 159]
294 car [1088, 349]
253 car [593, 397]
233 car [1288, 331]
224 car [871, 274]
223 car [1080, 317]
222 car [873, 276]
206 car [863, 391]
0 frame changed

354 car [674, 315]
335 bicycle [1827, 581]
328 car [1023, 162]
294 car [1089, 351]
253 car [586, 397]
233 car [1290, 331]
224 car [874, 274]
223 car [1080, 316]
222 car [875, 276]
206 car [862, 392]
0 frame changed

354 car [675, 316]
335 bicycle [1871, 577]
328 car [1023, 160]
294 car [1087, 352]
253 car [590, 396]
233 car [1289, 331]
224 car [873, 274]
223 car [1080, 316]
222 car [874, 276]
206 car [862, 392]
0 frame changed

354 car [669, 315]
328 car [1023, 162]
294 car [1089, 352]
253 car [591, 397]
233 car [1290, 331]
224 car [874, 273]
223 car [1081, 315]
222 car [874, 275]
206 car [863, 391]
0 frame changed

354 car [667, 316]
328 car [1023, 160]
294 car [1088, 351]
253 car [592, 397]
233 car [1290, 331]
224 car [874, 274]
223 car [1081, 314]
222 car [874, 274]
206 car [863, 391]
0 frame changed

354 car [671, 316]
328 car [1023, 158]
294 car [1086, 348]
253 car [592, 397]
233 car [1288, 330]
224 car [872, 274]
223 car [1080, 317]
222 car [874, 274]
206 car [864, 391]
0 frame changed

354 car [668, 315]
328 car [1024, 158]
294 car [1088, 350]
253 car [593, 397]
233 car [1289, 331]
224 car [874, 273]
223 car [1080, 314]
222 car [874, 275]
206 car [863, 391]
0 frame changed

354 car [667, 316]
328 car [1023, 157]
294 car [1087, 349]
233 car [1288, 331]
224 car [872, 273]
223 car [1079, 317]
222 car [873, 275]
206 car [864, 392]
0 frame changed

354 car [666, 316]
328 car [1024, 158]
294 car [1089, 350]
233 car [1287, 331]
224 car [870, 274]
223 car [1081, 316]
222 car [872, 276]
206 car [863, 392]
0 frame changed

354 car [666, 317]
328 car [1023, 158]
294 car [1088, 351]
253 car [591, 396]
233 car [1288, 331]
224 car [871, 274]
223 car [1080, 316]
222 car [872, 275]
206 car [863, 393]
0 frame changed

354 car [666, 318]
328 car [1023, 157]
294 car [1087, 350]
253 car [591, 397]
233 car [1287, 331]
224 car [870, 274]
223 car [1080, 317]
222 car [872, 275]
206 car [863, 392]
0 frame changed

354 car [671, 316]
328 car [1023, 158]
294 car [1087, 348]
253 car [593, 398]
233 car [1287, 331]
224 car [872, 273]
223 car [1080, 316]
222 car [873, 276]
206 car [863, 392]
0 frame changed

375 car [878, 110]
354 car [668, 317]
328 car [1023, 158]
294 car [1087, 348]
253 car [592, 397]
233 car [1287, 331]
224 car [871, 275]
223 car [1079, 316]
222 car [872, 276]
206 car [865, 391]
0 frame changed

375 car [879, 109]
354 car [673, 317]
328 car [1024, 158]
294 car [1087, 349]
253 car [593, 396]
233 car [1287, 331]
224 car [871, 274]
223 car [1079, 315]
222 car [872, 277]
206 car [866, 392]
0 frame changed

375 car [879, 110]
354 car [674, 316]
328 car [1023, 158]
294 car [1088, 350]
253 car [594, 396]
233 car [1287, 332]
224 car [872, 274]
223 car [1079, 315]
222 car [872, 277]
206 car [864, 392]
0 frame changed

375 car [877, 110]
354 car [676, 317]
328 car [1023, 158]
294 car [1085, 347]
253 car [599, 394]
233 car [1286, 331]
223 car [1078, 318]
222 car [872, 275]
206 car [859, 391]
0 frame changed

354 car [669, 317]
328 car [1022, 158]
294 car [1088, 349]
253 car [600, 393]
233 car [1286, 332]
223 car [1079, 317]
222 car [873, 275]
206 car [862, 390]
0 frame changed

354 car [674, 318]
328 car [1021, 159]
294 car [1087, 347]
253 car [596, 394]
233 car [1286, 332]
223 car [1079, 318]
222 car [872, 275]
206 car [861, 391]
0 frame changed

375 car [872, 112]
354 car [676, 318]
328 car [1022, 158]
294 car [1085, 346]
233 car [1286, 331]
223 car [1079, 319]
222 car [874, 275]
206 car [863, 391]
0 frame changed

206 car [863, 391]
0 frame changed

206 car [863, 391]
0 frame changed

0 frame changed

0 frame changed

354 car [666, 319]
328 car [1021, 158]
294 car [1087, 346]
233 car [1287, 331]
224 car [872, 275]
223 car [1081, 318]
222 car [873, 275]
206 car [862, 391]
0 frame changed

354 car [671, 318]
328 car [1022, 163]
294 car [1090, 349]
233 car [1288, 332]
224 car [873, 273]
223 car [1082, 317]
222 car [874, 274]
206 car [863, 391]
0 frame changed

354 car [673, 318]
328 car [1022, 161]
294 car [1086, 346]
233 car [1287, 332]
224 car [873, 273]
223 car [1080, 318]
222 car [874, 273]
206 car [863, 391]
0 frame changed

354 car [668, 317]
328 car [1024, 160]
294 car [1089, 350]
233 car [1288, 332]
224 car [873, 273]
223 car [1080, 316]
222 car [874, 274]
206 car [863, 391]
0 frame changed

354 car [667, 317]
328 car [1025, 158]
294 car [1086, 348]
253 car [590, 397]
233 car [1286, 331]
223 car [1080, 316]
222 car [873, 274]
206 car [863, 391]
0 frame changed

354 car [666, 316]
328 car [1023, 159]
294 car [1087, 347]
253 car [591, 397]
233 car [1286, 331]
223 car [1080, 318]
222 car [872, 273]
206 car [863, 391]
0 frame changed

354 car [665, 317]
294 car [1087, 348]
253 car [597, 396]
233 car [1289, 332]
223 car [1080, 317]
222 car [873, 275]
206 car [864, 391]
0 frame changed

354 car [671, 317]
294 car [1086, 347]
253 car [595, 395]
233 car [1287, 331]
223 car [1079, 318]
222 car [873, 275]
206 car [863, 391]
0 frame changed

354 car [668, 317]
328 car [1024, 158]
294 car [1088, 349]
253 car [594, 395]
233 car [1288, 331]
223 car [1079, 316]
222 car [874, 275]
206 car [862, 391]
0 frame changed

354 car [667, 318]
328 car [1024, 158]
294 car [1088, 352]
253 car [592, 396]
233 car [1287, 331]
223 car [1080, 315]
222 car [872, 274]
206 car [862, 391]
0 frame changed

354 car [666, 318]
328 car [1022, 158]
294 car [1087, 350]
253 car [590, 397]
233 car [1288, 333]
224 car [871, 262]
223 car [1080, 315]
222 car [872, 276]
206 car [864, 391]
0 frame changed

354 car [671, 317]
328 car [1023, 161]
294 car [1088, 350]
253 car [592, 395]
233 car [1288, 332]
223 car [1080, 316]
222 car [873, 274]
206 car [864, 391]
0 frame changed

354 car [673, 317]
328 car [1022, 159]
294 car [1086, 351]
253 car [593, 396]
233 car [1287, 331]
223 car [1081, 316]
222 car [871, 275]
206 car [864, 391]
0 frame changed

375 car [873, 113]
354 car [673, 317]
328 car [1023, 161]
294 car [1086, 349]
253 car [594, 396]
233 car [1289, 332]
223 car [1079, 317]
222 car [870, 273]
206 car [863, 390]
0 frame changed

354 car [668, 317]
328 car [1024, 160]
294 car [1087, 349]
253 car [594, 398]
233 car [1289, 332]
223 car [1080, 317]
222 car [872, 274]
206 car [863, 391]
0 frame changed

354 car [665, 317]
328 car [1024, 159]
294 car [1085, 351]
253 car [593, 398]
233 car [1287, 331]
224 car [869, 272]
223 car [1080, 317]
222 car [869, 273]
206 car [864, 391]
0 frame changed

354 car [670, 317]
328 car [1023, 162]
294 car [1087, 348]
253 car [593, 397]
233 car [1288, 331]
224 car [873, 273]
223 car [1080, 318]
222 car [872, 272]
206 car [864, 392]
0 frame changed

354 car [667, 316]
328 car [1023, 158]
294 car [1086, 349]
233 car [1288, 331]
224 car [870, 273]
223 car [1079, 318]
206 car [865, 391]
0 frame changed

328 car [1023, 162]
294 car [1087, 349]
233 car [1288, 331]
224 car [872, 272]
223 car [1079, 316]
206 car [864, 392]
0 frame changed

294 car [1088, 351]
233 car [1289, 331]
223 car [1080, 316]
206 car [864, 391]
0 frame changed

354 car [666, 317]
294 car [1082, 350]
233 car [1287, 331]
223 car [1078, 317]
206 car [864, 391]
0 frame changed

354 car [666, 317]
328 car [1024, 157]
294 car [1087, 352]
233 car [1288, 332]
206 car [864, 391]
0 frame changed

294 car [1088, 354]
206 car [864, 392]
0 frame changed

294 car [1088, 354]
206 car [863, 392]
0 frame changed

294 car [1088, 349]
206 car [863, 392]
0 frame changed

294 car [1087, 351]
206 car [863, 391]
0 frame changed

294 car [1086, 349]
206 car [863, 392]
0 frame changed

294 car [1087, 349]
206 car [863, 391]
0 frame changed

294 car [1087, 351]
206 car [862, 391]
0 frame changed

294 car [1087, 350]
206 car [862, 391]
0 frame changed

294 car [1084, 350]
233 car [1289, 330]
206 car [863, 390]
0 frame changed

294 car [1088, 352]
206 car [862, 391]
0 frame changed

294 car [1088, 354]
206 car [862, 391]
0 frame changed

294 car [1084, 351]
233 car [1288, 331]
206 car [863, 391]
0 frame changed

294 car [1084, 352]
233 car [1289, 331]
206 car [863, 392]
0 frame changed

294 car [1085, 350]
233 car [1289, 330]
206 car [863, 391]
0 frame changed

294 car [1085, 350]
233 car [1289, 331]
223 car [1080, 318]
206 car [863, 392]
0 frame changed

294 car [1084, 350]
233 car [1289, 329]
206 car [863, 392]
0 frame changed

294 car [1085, 351]
233 car [1287, 329]
206 car [862, 391]
0 frame changed

294 car [1084, 351]
233 car [1290, 331]
206 car [862, 391]
0 frame changed

294 car [1085, 351]
233 car [1289, 332]
206 car [862, 390]
0 frame changed

392 car [871, 273]
328 car [1022, 158]
294 car [1087, 350]
233 car [1288, 331]
206 car [864, 391]
0 frame changed

294 car [1087, 349]
206 car [864, 391]
0 frame changed

294 car [1088, 350]
206 car [863, 391]
0 frame changed

392 car [871, 272]
391 car [668, 318]
328 car [1023, 162]
294 car [1088, 351]
233 car [1290, 331]
223 car [1079, 317]
206 car [864, 392]
0 frame changed

392 car [870, 273]
328 car [1022, 158]
294 car [1085, 350]
233 car [1289, 331]
223 car [1078, 317]
206 car [864, 391]
0 frame changed

294 car [1087, 352]
206 car [863, 392]
0 frame changed

294 car [1089, 354]
206 car [862, 392]
0 frame changed

294 car [1086, 351]
206 car [862, 391]
0 frame changed

294 car [1087, 349]
233 car [1291, 330]
223 car [1079, 318]
206 car [863, 391]
0 frame changed

294 car [1082, 347]
206 car [863, 391]
0 frame changed

294 car [1086, 347]
206 car [862, 391]
0 frame changed

294 car [1086, 352]
206 car [863, 391]
0 frame changed

294 car [1084, 347]
206 car [863, 391]
0 frame changed

294 car [1084, 350]
206 car [863, 391]
0 frame changed

294 car [1085, 349]
206 car [865, 391]
0 frame changed

294 car [1083, 348]
206 car [863, 390]
0 frame changed

294 car [1085, 350]
206 car [862, 391]
0 frame changed

294 car [1081, 348]
206 car [863, 391]
0 frame changed

294 car [1083, 350]
206 car [865, 391]
0 frame changed

294 car [1087, 352]
206 car [863, 391]
0 frame changed

294 car [1083, 349]
206 car [863, 391]
0 frame changed

294 car [1083, 351]
206 car [863, 391]
0 frame changed

294 car [1080, 350]
206 car [865, 390]
0 frame changed

392 car [869, 273]
328 car [1022, 158]
294 car [1080, 348]
233 car [1287, 331]
223 car [1077, 320]
206 car [865, 391]
0 frame changed

294 car [1086, 350]
206 car [863, 392]
0 frame changed

294 car [1082, 351]
206 car [863, 391]
0 frame changed

294 car [1084, 353]
206 car [863, 391]
0 frame changed

294 car [1083, 351]
206 car [864, 391]
0 frame changed

294 car [1081, 347]
206 car [864, 390]
0 frame changed

294 car [1084, 352]
206 car [865, 392]
0 frame changed

294 car [1082, 350]
206 car [863, 391]
0 frame changed

294 car [1083, 353]
206 car [863, 390]
0 frame changed

206 car [863, 390]
0 frame changed

206 car [865, 391]
0 frame changed

294 car [1086, 352]
206 car [863, 391]
0 frame changed

294 car [1085, 353]
206 car [864, 391]
0 frame changed

294 car [1084, 353]
206 car [863, 390]
0 frame changed

294 car [1088, 350]
206 car [863, 391]
0 frame changed

294 car [1090, 351]
206 car [863, 391]
0 frame changed

294 car [1089, 352]
206 car [862, 392]
0 frame changed

294 car [1090, 353]
206 car [863, 392]
0 frame changed

294 car [1090, 352]
233 car [1290, 331]
206 car [862, 392]
0 frame changed

294 car [1089, 350]
233 car [1290, 332]
206 car [862, 391]
0 frame changed

294 car [1089, 349]
233 car [1292, 331]
206 car [862, 391]
0 frame changed

294 car [1090, 352]
206 car [862, 391]
0 frame changed

294 car [1089, 351]
206 car [862, 391]
0 frame changed

294 car [1090, 352]
233 car [1291, 331]
206 car [862, 391]
0 frame changed

294 car [1087, 353]
206 car [863, 391]
0 frame changed

294 car [1088, 352]
206 car [863, 391]
0 frame changed

294 car [1085, 351]
233 car [1288, 332]
206 car [863, 390]
0 frame changed

294 car [1089, 352]
206 car [863, 390]
0 frame changed

294 car [1089, 353]
206 car [864, 391]
0 frame changed

294 car [1088, 351]
206 car [864, 390]
0 frame changed

294 car [1088, 350]
206 car [864, 391]
0 frame changed

294 car [1083, 348]
206 car [864, 390]
0 frame changed

294 car [1085, 347]
206 car [865, 391]
0 frame changed

294 car [1087, 350]
206 car [864, 391]
0 frame changed

294 car [1089, 351]
206 car [864, 391]
0 frame changed

294 car [1089, 352]
206 car [865, 392]
0 frame changed

294 car [1083, 348]
206 car [864, 391]
0 frame changed

433 car [677, 319]
432 car [871, 274]
328 car [1021, 158]
294 car [1082, 347]
233 car [1287, 329]
223 car [1076, 318]
206 car [863, 391]
0 frame changed

294 car [1083, 346]
233 car [1288, 331]
223 car [1077, 319]
206 car [865, 391]
0 frame changed

294 car [1082, 347]
233 car [1288, 331]
223 car [1076, 318]
206 car [864, 391]
0 frame changed

433 car [677, 319]
432 car [872, 274]
328 car [1022, 163]
294 car [1082, 347]
233 car [1287, 330]
223 car [1076, 316]
206 car [863, 391]
0 frame changed

433 car [676, 319]
432 car [871, 274]
328 car [1022, 160]
294 car [1082, 349]
233 car [1288, 330]
223 car [1077, 315]
206 car [862, 391]
0 frame changed

433 car [675, 319]
432 car [871, 274]
328 car [1022, 159]
294 car [1083, 349]
233 car [1287, 331]
223 car [1076, 315]
206 car [863, 391]
0 frame changed

432 car [871, 274]
328 car [1021, 159]
294 car [1083, 346]
233 car [1287, 331]
223 car [1077, 318]
206 car [862, 391]
0 frame changed

432 car [871, 274]
328 car [1021, 158]
294 car [1081, 347]
223 car [1078, 319]
206 car [863, 391]
0 frame changed

432 car [871, 275]
294 car [1083, 347]
223 car [1078, 319]
206 car [862, 391]
0 frame changed

432 car [872, 274]
294 car [1084, 348]
223 car [1079, 318]
206 car [863, 391]
0 frame changed

432 car [872, 274]
328 car [1023, 159]
294 car [1085, 348]
233 car [1287, 331]
223 car [1079, 317]
206 car [863, 391]
0 frame changed

432 car [870, 275]
328 car [1021, 159]
294 car [1086, 348]
233 car [1286, 330]
223 car [1079, 315]
206 car [864, 392]
0 frame changed

294 car [1088, 348]
233 car [1286, 331]
206 car [863, 392]
0 frame changed

294 car [1086, 350]
206 car [862, 396]
0 frame changed

294 car [1086, 354]
206 car [861, 406]
0 frame changed

433 car [662, 320]
328 car [1025, 172]
294 car [1097, 365]
233 car [1287, 331]
206 car [858, 422]
0 frame changed

433 car [661, 322]
328 car [1025, 175]
294 car [1108, 387]
233 car [1288, 331]
206 car [857, 442]
0 frame changed

451 car [881, 331]
433 car [660, 327]
328 car [1027, 177]
233 car [1288, 330]
206 car [857, 475]
0 frame changed

452 car [1065, 286]
451 car [884, 357]
439 car [873, 230]
433 car [659, 336]
328 car [1032, 186]
233 car [1288, 331]
206 car [853, 520]
0 frame changed

452 car [1078, 310]
451 car [879, 379]
439 car [879, 225]
433 car [644, 351]
328 car [1038, 194]
233 car [1287, 331]
206 car [849, 588]
0 frame changed

452 car [1091, 343]
451 car [876, 414]
433 car [633, 369]
328 car [1041, 206]
233 car [1288, 331]
206 car [843, 671]
0 frame changed

460 car [870, 259]
452 car [1106, 376]
328 car [1047, 223]
233 car [1289, 331]
0 frame changed

460 car [869, 274]
328 car [1054, 232]
233 car [1290, 331]
0 frame changed

328 car [1059, 238]
233 car [1290, 331]
0 frame changed

462 car [875, 216]
461 car [1006, 116]
457 car [865, 94]
452 car [1187, 543]
432 car [862, 334]
233 car [1291, 331]
206 car [862, 746]
0 frame changed

466 car [1075, 306]
461 car [1011, 128]
452 car [1240, 642]
439 car [873, 230]
233 car [1291, 330]
0 frame changed

468 car [483, 828]
467 car [990, 85]
466 car [1079, 322]
461 car [1016, 140]
456 car [843, 417]
439 car [871, 255]
328 car [1060, 247]
233 car [1290, 331]
0 frame changed

467 car [995, 92]
466 car [1101, 368]
465 car [1055, 244]
463 car [874, 194]
462 car [867, 302]
461 car [1020, 155]
457 car [866, 115]
328 car [1056, 256]
233 car [1289, 331]
0 frame changed

467 car [1000, 104]
465 car [1059, 269]
463 car [872, 214]
461 car [1027, 171]
457 car [865, 128]
233 car [1290, 331]
0 frame changed

467 car [1006, 116]
465 car [1063, 301]
461 car [1033, 190]
457 car [866, 139]
432 car [854, 382]
0 frame changed

467 car [1014, 134]
465 car [1072, 330]
461 car [1042, 214]
457 car [865, 152]
0 frame changed

465 car [1082, 371]
457 car [864, 167]
439 car [864, 297]
233 car [1290, 331]
0 frame changed

0 frame changed

328 car [1067, 296]
0 frame changed

328 car [1081, 323]
0 frame changed

328 car [1097, 362]
0 frame changed

0 frame changed

0 frame changed

0 frame changed

0 frame changed

0 frame changed

0 frame changed

0 frame changed

477 car [874, 90]
0 frame changed

0 frame changed

0 frame changed

0 frame changed

0 frame changed

479 car [643, 224]
0 frame changed

486 car [881, 227]
484 car [1019, 144]
483 car [1071, 294]
482 car [844, 361]
479 car [608, 250]
477 car [868, 103]
0 frame changed

488 car [1289, 331]
487 car [977, 55]
486 car [878, 259]
484 car [1025, 173]
483 car [1097, 346]
482 car [839, 410]
477 car [867, 122]
0 frame changed

488 car [1292, 332]
487 car [985, 69]
486 car [881, 299]
484 car [1039, 199]
483 car [1124, 413]
482 car [841, 471]
477 car [866, 142]
0 frame changed

488 car [1291, 331]
487 car [993, 89]
486 car [882, 344]
484 car [1057, 233]
477 car [869, 165]
0 frame changed

488 car [1291, 331]
487 car [996, 107]
486 car [874, 395]
484 car [1070, 270]
477 car [876, 192]
0 frame changed

487 car [1001, 129]
484 car [1083, 314]
0 frame changed

500 car [864, 143]
487 car [1006, 153]
484 car [1105, 370]
0 frame changed

500 car [865, 158]
488 car [1291, 331]
487 car [1014, 181]
484 car [1134, 438]
477 car [866, 290]
0 frame changed

487 car [1025, 213]
0 frame changed

487 car [1035, 250]
0 frame changed

0 frame changed

0 frame changed

0 frame changed

0 frame changed

0 frame changed

0 frame changed

488 car [1293, 331]
477 car [849, 516]
0 frame changed

511 car [871, 349]
510 car [1029, 182]
509 car [876, 151]
506 car [995, 67]
488 car [1294, 330]
487 car [1168, 519]
477 car [843, 592]
0 frame changed

517 car [1213, 245]
513 car [726, 135]
512 car [837, 262]
511 car [872, 394]
510 car [1048, 215]
509 car [874, 172]
506 car [1005, 86]
488 car [1295, 330]
0 frame changed

517 car [1208, 239]
513 car [709, 159]
512 car [832, 298]
511 car [870, 450]
510 car [1061, 241]
509 car [870, 188]
506 car [1014, 110]
488 car [1294, 330]
0 frame changed

529 car [817, 980]
519 car [769, 49]
517 car [1207, 242]
513 car [695, 183]
512 car [831, 340]
511 car [872, 519]
510 car [1077, 296]
509 car [871, 202]
506 car [1027, 137]
488 car [1294, 330]
0 frame changed

530 car [1010, 102]
524 car [868, 136]
520 car [869, 147]
519 car [767, 56]
517 car [1209, 244]
513 car [670, 207]
512 car [827, 385]
511 car [872, 595]
509 car [876, 230]
506 car [1037, 165]
488 car [1290, 331]
0 frame changed

535 car [762, 87]
530 car [1014, 129]
524 car [868, 155]
523 car [891, 87]
519 car [762, 71]
517 car [1212, 245]
513 car [638, 235]
512 car [826, 431]
509 car [873, 252]
506 car [1051, 200]
488 car [1290, 332]
0 frame changed

535 car [758, 95]
530 car [1025, 155]
524 car [866, 176]
523 car [904, 98]
517 car [1214, 244]
512 car [824, 486]
509 car [872, 276]
488 car [1293, 331]
477 car [851, 846]
0 frame changed

535 car [750, 111]
534 car [1082, 280]
530 car [1033, 187]
524 car [863, 196]
523 car [919, 114]
517 car [1210, 245]
512 car [819, 556]
509 car [868, 307]
488 car [1292, 332]
477 car [836, 938]
0 frame changed

539 car [874, 72]
535 car [741, 130]
530 car [1046, 218]
524 car [860, 219]
523 car [937, 133]
517 car [1210, 241]
512 car [811, 643]
509 car [865, 347]
488 car [1292, 331]
0 frame changed

539 car [876, 88]
524 car [854, 243]
523 car [956, 152]
517 car [1210, 243]
512 car [809, 757]
508 car [1130, 386]
488 car [1292, 333]
0 frame changed

539 car [874, 96]
524 car [852, 267]
523 car [978, 175]
517 car [1209, 245]
488 car [1290, 332]
0 frame changed

539 car [874, 112]
535 car [713, 210]
534 car [1100, 351]
524 car [848, 297]
523 car [997, 198]
517 car [1211, 245]
511 car [792, 982]
488 car [1290, 331]
0 frame changed

552 car [1093, 70]
548 car [757, 72]
546 car [982, 49]
539 car [876, 132]
535 car [703, 236]
524 car [842, 339]
523 car [1024, 230]
517 car [1210, 238]
488 car [1292, 332]
0 frame changed

523 car [1046, 264]
0 frame changed

523 car [1070, 302]
0 frame changed

0 frame changed

0 frame changed

546 car [1024, 163]
537 car [862, 278]
0 frame changed

557 car [515, 625]
555 car [866, 171]
552 car [1133, 133]
548 car [698, 185]
546 car [1037, 193]
517 car [1213, 242]
0 frame changed

558 car [1007, 137]
552 car [1139, 139]
548 car [685, 210]
546 car [1056, 229]
517 car [1211, 244]
488 car [1294, 331]
0 frame changed

560 car [748, 95]
559 car [863, 476]
558 car [1018, 173]
552 car [1141, 144]
548 car [673, 240]
546 car [1067, 274]
539 car [868, 231]
517 car [1209, 238]
488 car [1293, 331]
0 frame changed

564 car [993, 92]
560 car [740, 114]
559 car [874, 571]
558 car [1036, 207]
552 car [1144, 149]
548 car [662, 273]
546 car [1085, 320]
517 car [1208, 236]
488 car [1293, 331]
0 frame changed

