10 car [1697, 394]
9 car [810, 913]
8 car [885, 456]
7 car [895, 285]
6 car [1215, 223]
5 car [1843, 865]
4 car [792, 925]
3 car [1559, 308]
2 car [971, 196]
1 car [1064, 209]
0 frame changed

15 car [904, 585]
14 car [1582, 358]
13 car [889, 242]
12 car [1125, 161]
11 car [948, 172]
7 car [890, 319]
6 car [1254, 226]
3 car [1528, 289]
2 car [974, 209]
1 car [1074, 209]
0 frame changed

7 car [886, 371]
6 car [1286, 225]
2 car [979, 217]
1 car [1074, 214]
0 frame changed

13 car [870, 278]
11 car [964, 176]
6 car [1323, 226]
2 car [989, 235]
1 car [1076, 214]
0 frame changed

13 car [864, 316]
11 car [966, 187]
6 car [1342, 224]
2 car [996, 253]
1 car [1077, 217]
0 frame changed

11 car [966, 194]
6 car [1353, 221]
2 car [1010, 270]
1 car [1082, 223]
0 frame changed

25 car [1441, 248]
11 car [967, 201]
6 car [1352, 220]
2 car [1024, 297]
1 car [1088, 227]
0 frame changed

25 car [1425, 242]
11 car [972, 213]
2 car [1041, 340]
1 car [1096, 237]
0 frame changed

29 car [1187, 217]
28 car [1059, 196]
25 car [1413, 238]
11 car [976, 227]
1 car [1105, 244]
0 frame changed

32 car [1296, 207]
29 car [1164, 205]
28 car [1058, 197]
11 car [986, 246]
1 car [1115, 252]
0 frame changed

32 car [1282, 203]
29 car [1148, 196]
28 car [1057, 197]
11 car [993, 271]
1 car [1122, 261]
0 frame changed

32 car [1272, 195]
25 car [1377, 225]
1 car [1136, 270]
0 frame changed

38 car [966, 200]
37 car [881, 190]
25 car [1360, 221]
1 car [1143, 281]
0 frame changed

38 car [972, 213]
28 car [1080, 216]
25 car [1343, 216]
1 car [1156, 290]
0 frame changed

44 car [1200, 211]
38 car [975, 233]
28 car [1084, 218]
25 car [1327, 211]
1 car [1167, 301]
0 frame changed

44 car [1171, 202]
38 car [982, 253]
28 car [1089, 221]
25 car [1313, 206]
1 car [1176, 316]
0 frame changed

47 car [1046, 191]
44 car [1153, 193]
38 car [995, 276]
28 car [1097, 232]
25 car [1299, 201]
1 car [1186, 327]
0 frame changed

51 car [996, 235]
50 car [893, 177]
47 car [1048, 192]
44 car [1131, 183]
38 car [1004, 309]
37 car [869, 255]
28 car [1099, 237]
25 car [1284, 198]
1 car [1198, 340]
0 frame changed

51 car [1010, 255]
50 car [893, 181]
47 car [1052, 192]
44 car [1114, 174]
37 car [867, 283]
28 car [1108, 242]
27 car [1331, 238]
25 car [1266, 197]
1 car [1209, 352]
0 frame changed

51 car [1021, 283]
50 car [891, 189]
47 car [1057, 196]
37 car [861, 317]
28 car [1119, 252]
1 car [1219, 362]
0 frame changed

53 car [973, 201]
51 car [1036, 323]
50 car [890, 198]
47 car [1056, 197]
46 car [1275, 217]
37 car [851, 366]
28 car [1125, 260]
1 car [1225, 375]
0 frame changed

53 car [984, 214]
50 car [892, 210]
47 car [1058, 197]
46 car [1256, 211]
28 car [1136, 264]
1 car [1237, 384]
0 frame changed

53 car [987, 223]
50 car [886, 228]
47 car [1058, 197]
46 car [1234, 201]
39 car [1144, 279]
25 car [1188, 169]
1 car [1244, 389]
0 frame changed

53 car [994, 247]
50 car [885, 246]
47 car [1058, 198]
46 car [1217, 193]
39 car [1153, 287]
25 car [1167, 170]
1 car [1251, 395]
0 frame changed

56 car [977, 196]
53 car [1007, 271]
50 car [880, 261]
47 car [1059, 197]
46 car [1202, 189]
39 car [1163, 297]
1 car [1255, 404]
0 frame changed

56 car [989, 210]
53 car [1021, 297]
50 car [870, 290]
47 car [1059, 197]
39 car [1171, 307]
1 car [1256, 410]
0 frame changed

63 car [1167, 179]
56 car [999, 221]
50 car [860, 329]
39 car [1180, 314]
27 car [1334, 243]
1 car [1257, 412]
0 frame changed

68 car [885, 261]
56 car [1011, 238]
39 car [1187, 320]
27 car [1350, 252]
1 car [1258, 413]
0 frame changed

68 car [876, 281]
56 car [1020, 262]
47 car [1062, 198]
39 car [1189, 328]
1 car [1257, 415]
0 frame changed

68 car [877, 315]
56 car [1039, 294]
47 car [1066, 198]
39 car [1192, 331]
1 car [1258, 417]
0 frame changed

74 car [940, 267]
60 car [881, 198]
47 car [1062, 196]
46 car [1120, 155]
39 car [1191, 334]
1 car [1254, 413]
0 frame changed

74 car [964, 295]
47 car [1064, 197]
39 car [1191, 336]
1 car [1255, 414]
0 frame changed

81 car [1019, 213]
74 car [992, 337]
47 car [1063, 197]
39 car [1195, 336]
1 car [1256, 412]
0 frame changed

81 car [1044, 233]
74 car [1026, 401]
39 car [1194, 333]
1 car [1253, 411]
0 frame changed

91 car [1224, 241]
88 car [867, 287]
81 car [1080, 239]
39 car [1194, 332]
1 car [1256, 413]
0 frame changed

91 car [1199, 230]
88 car [866, 330]
60 car [884, 220]
39 car [1195, 335]
1 car [1254, 413]
0 frame changed

91 car [1184, 215]
88 car [861, 391]
60 car [885, 236]
39 car [1194, 337]
0 frame changed

91 car [1172, 209]
86 car [901, 153]
81 car [1147, 267]
47 car [1060, 199]
0 frame changed

98 car [1833, 429]
91 car [1154, 197]
86 car [898, 156]
81 car [1154, 276]
47 car [1061, 199]
0 frame changed

98 car [1805, 414]
91 car [1138, 191]
86 car [896, 159]
81 car [1163, 279]
39 car [1195, 338]
27 car [1365, 248]
1 car [1254, 412]
0 frame changed

104 car [1223, 241]
101 car [1155, 277]
97 car [1206, 175]
86 car [892, 166]
39 car [1196, 337]
27 car [1342, 238]
1 car [1254, 412]
0 frame changed

86 car [892, 171]
1 car [1254, 413]
0 frame changed

106 car [1367, 258]
86 car [894, 174]
1 car [1255, 412]
0 frame changed

106 car [1334, 243]
101 car [1159, 282]
100 car [1271, 209]
86 car [892, 178]
39 car [1196, 332]
1 car [1254, 413]
0 frame changed

106 car [1308, 230]
101 car [1161, 282]
100 car [1249, 204]
86 car [894, 182]
39 car [1196, 335]
1 car [1253, 413]
0 frame changed

101 car [1161, 283]
100 car [1233, 197]
39 car [1196, 332]
1 car [1253, 413]
0 frame changed

115 car [890, 196]
108 car [1438, 304]
101 car [1158, 281]
100 car [1212, 191]
39 car [1193, 334]
1 car [1253, 412]
0 frame changed

108 car [1404, 282]
106 car [1245, 201]
101 car [1159, 282]
100 car [1200, 181]
84 car [1283, 282]
39 car [1196, 334]
1 car [1254, 413]
0 frame changed

116 car [967, 180]
108 car [1368, 261]
106 car [1223, 194]
101 car [1157, 279]
84 car [1262, 268]
39 car [1194, 333]
1 car [1252, 412]
0 frame changed

116 car [969, 190]
106 car [1208, 188]
101 car [1158, 280]
47 car [1059, 198]
39 car [1195, 336]
1 car [1253, 413]
0 frame changed

116 car [972, 195]
101 car [1158, 281]
86 car [884, 242]
47 car [1061, 198]
39 car [1196, 334]
1 car [1254, 412]
0 frame changed

116 car [972, 201]
108 car [1272, 218]
101 car [1157, 278]
86 car [884, 259]
47 car [1061, 197]
39 car [1195, 333]
1 car [1254, 412]
0 frame changed

116 car [983, 209]
108 car [1254, 202]
101 car [1159, 281]
86 car [882, 283]
39 car [1195, 335]
1 car [1254, 411]
0 frame changed

116 car [993, 215]
108 car [1231, 196]
101 car [1157, 279]
86 car [878, 312]
77 car [1318, 302]
39 car [1195, 337]
1 car [1253, 411]
0 frame changed

116 car [1010, 220]
39 car [1194, 331]
1 car [1253, 413]
0 frame changed

116 car [1037, 223]
39 car [1194, 334]
1 car [1253, 413]
0 frame changed

126 car [883, 495]
125 car [1224, 240]
116 car [1057, 232]
101 car [1153, 280]
39 car [1194, 334]
1 car [1251, 409]
0 frame changed

126 car [883, 605]
125 car [1207, 222]
124 car [965, 196]
116 car [1081, 238]
77 car [1300, 298]
39 car [1195, 336]
1 car [1252, 410]
0 frame changed

126 car [883, 767]
125 car [1188, 212]
116 car [1095, 243]
39 car [1195, 333]
1 car [1252, 413]
0 frame changed

131 car [1240, 257]
126 car [858, 945]
116 car [1100, 251]
101 car [1151, 280]
39 car [1194, 332]
27 car [1334, 237]
1 car [1252, 413]
0 frame changed

131 car [1220, 239]
127 car [878, 201]
101 car [1157, 281]
75 car [1337, 329]
47 car [1060, 196]
39 car [1198, 336]
1 car [1252, 412]
0 frame changed

133 car [980, 236]
131 car [1193, 230]
127 car [876, 212]
101 car [1154, 279]
47 car [1060, 197]
39 car [1195, 335]
1 car [1253, 412]
0 frame changed

133 car [990, 257]
127 car [877, 222]
101 car [1155, 278]
47 car [1062, 198]
39 car [1196, 336]
1 car [1253, 412]
0 frame changed

133 car [996, 280]
132 car [1255, 272]
127 car [870, 236]
101 car [1156, 278]
39 car [1194, 335]
27 car [1319, 238]
1 car [1254, 413]
0 frame changed

140 car [891, 189]
133 car [1006, 316]
127 car [864, 253]
101 car [1153, 279]
39 car [1193, 333]
1 car [1252, 412]
0 frame changed

143 car [1211, 237]
140 car [890, 194]
133 car [1028, 363]
127 car [858, 273]
101 car [1156, 282]
47 car [1062, 198]
39 car [1194, 334]
1 car [1253, 412]
0 frame changed

146 car [1230, 200]
143 car [1189, 219]
140 car [888, 208]
133 car [1057, 434]
127 car [850, 302]
101 car [1154, 278]
47 car [1061, 198]
39 car [1193, 332]
1 car [1252, 412]
0 frame changed

140 car [887, 218]
127 car [838, 340]
101 car [1156, 279]
47 car [1060, 198]
39 car [1194, 334]
1 car [1253, 412]
0 frame changed

151 car [1296, 196]
140 car [885, 232]
127 car [830, 391]
101 car [1158, 280]
39 car [1196, 337]
1 car [1253, 413]
0 frame changed

140 car [882, 248]
101 car [1156, 279]
39 car [1195, 334]
27 car [1307, 235]
1 car [1254, 412]
0 frame changed

156 car [899, 197]
140 car [879, 266]
39 car [1196, 336]
1 car [1253, 411]
0 frame changed

156 car [898, 212]
140 car [874, 293]
39 car [1194, 335]
1 car [1254, 412]
0 frame changed

162 car [1226, 198]
156 car [896, 218]
140 car [870, 332]
47 car [1057, 199]
39 car [1192, 333]
1 car [1253, 413]
0 frame changed

162 car [1207, 192]
156 car [896, 234]
140 car [871, 382]
39 car [1194, 336]
27 car [1295, 225]
1 car [1253, 412]
0 frame changed

156 car [894, 254]
0 frame changed

156 car [890, 281]
0 frame changed

0 frame changed

0 frame changed

0 frame changed

0 frame changed

0 frame changed

0 frame changed

0 frame changed

0 frame changed

0 frame changed

0 frame changed

182 car [1259, 210]
178 car [882, 249]
0 frame changed

182 car [1235, 202]
0 frame changed

182 car [1219, 197]
0 frame changed

182 car [1200, 190]
39 car [1197, 336]
0 frame changed

188 car [1272, 226]
182 car [1185, 179]
39 car [1196, 334]
1 car [1253, 412]
0 frame changed

182 car [1169, 174]
39 car [1196, 336]
1 car [1254, 412]
0 frame changed

193 car [1058, 197]
183 car [896, 177]
182 car [1154, 168]
181 car [979, 237]
39 car [1195, 333]
1 car [1254, 412]
0 frame changed

201 car [1159, 280]
193 car [1059, 197]
188 car [1210, 194]
181 car [986, 251]
39 car [1194, 332]
1 car [1254, 412]
0 frame changed

207 car [1362, 345]
201 car [1159, 282]
193 car [1061, 198]
192 car [850, 241]
188 car [1196, 189]
181 car [992, 269]
39 car [1197, 335]
1 car [1253, 412]
0 frame changed

207 car [1313, 310]
192 car [844, 257]
191 car [1123, 157]
188 car [1174, 180]
181 car [998, 281]
39 car [1194, 337]
1 car [1253, 410]
0 frame changed

207 car [1278, 285]
192 car [844, 274]
191 car [1116, 154]
187 car [1834, 414]
39 car [1195, 337]
1 car [1254, 411]
0 frame changed

213 car [1015, 328]
212 car [888, 219]
210 car [1158, 172]
207 car [1249, 260]
193 car [1060, 196]
192 car [833, 292]
39 car [1193, 336]
1 car [1256, 408]
0 frame changed

213 car [1023, 341]
212 car [885, 231]
207 car [1221, 239]
204 car [1427, 245]
193 car [1060, 198]
192 car [823, 303]
39 car [1191, 332]
1 car [1255, 410]
0 frame changed

218 car [896, 157]
213 car [1032, 358]
212 car [884, 243]
204 car [1409, 234]
193 car [1064, 197]
192 car [808, 320]
39 car [1193, 334]
1 car [1256, 412]
0 frame changed

218 car [892, 158]
213 car [1040, 371]
212 car [883, 258]
204 car [1382, 226]
192 car [784, 342]
39 car [1189, 335]
1 car [1255, 411]
0 frame changed

213 car [1042, 385]
212 car [880, 275]
205 car [1592, 306]
204 car [1363, 220]
192 car [763, 364]
191 car [1114, 151]
39 car [1193, 335]
1 car [1255, 412]
0 frame changed

221 car [910, 113]
213 car [1050, 394]
212 car [876, 288]
204 car [1342, 213]
193 car [1060, 196]
192 car [732, 388]
39 car [1193, 335]
1 car [1252, 410]
0 frame changed

226 car [1760, 393]
218 car [891, 170]
213 car [1053, 399]
212 car [869, 302]
192 car [703, 408]
39 car [1193, 335]
1 car [1250, 409]
0 frame changed

227 car [1120, 178]
226 car [1700, 365]
218 car [892, 174]
213 car [1057, 404]
212 car [868, 323]
0 frame changed

231 car [1277, 281]
230 car [969, 175]
226 car [1636, 339]
218 car [890, 178]
213 car [1054, 412]
212 car [866, 346]
0 frame changed

233 car [1377, 220]
231 car [1248, 263]
230 car [969, 179]
226 car [1578, 318]
218 car [889, 186]
213 car [1058, 415]
212 car [870, 365]
193 car [1058, 201]
192 car [615, 486]
39 car [1192, 335]
1 car [1252, 410]
0 frame changed

233 car [1344, 211]
231 car [1217, 239]
230 car [969, 180]
218 car [888, 189]
213 car [1059, 408]
212 car [870, 386]
193 car [1059, 199]
1 car [1253, 411]
0 frame changed

233 car [1308, 198]
230 car [966, 187]
229 car [1390, 367]
213 car [1054, 418]
212 car [869, 403]
1 car [1251, 409]
0 frame changed

230 car [968, 191]
39 car [1192, 334]
1 car [1252, 411]
0 frame changed

244 car [1058, 400]
242 car [1432, 248]
241 car [869, 425]
230 car [969, 193]
226 car [1335, 251]
192 car [477, 611]
39 car [1193, 336]
1 car [1251, 410]
0 frame changed

244 car [1057, 400]
242 car [1405, 237]
241 car [869, 429]
193 car [1060, 195]
192 car [412, 650]
39 car [1193, 336]
1 car [1252, 412]
0 frame changed

248 car [1120, 180]
244 car [1056, 402]
241 car [869, 431]
192 car [325, 692]
39 car [1195, 336]
1 car [1251, 409]
0 frame changed

248 car [1111, 173]
244 car [1055, 400]
241 car [869, 431]
230 car [973, 211]
218 car [882, 222]
192 car [235, 734]
39 car [1194, 337]
1 car [1252, 407]
0 frame changed

249 car [1274, 274]
244 car [1057, 400]
242 car [1330, 211]
241 car [870, 430]
230 car [978, 215]
192 car [164, 775]
1 car [1251, 407]
0 frame changed

255 car [1344, 252]
249 car [1243, 255]
244 car [1054, 407]
241 car [868, 430]
239 car [1820, 407]
230 car [980, 218]
192 car [94, 792]
1 car [1251, 410]
0 frame changed

255 car [1316, 239]
249 car [1215, 238]
244 car [1054, 402]
241 car [864, 429]
230 car [982, 218]
218 car [876, 247]
193 car [1057, 197]
39 car [1191, 334]
1 car [1252, 411]
0 frame changed

255 car [1299, 221]
249 car [1193, 222]
244 car [1057, 402]
241 car [869, 431]
230 car [986, 219]
218 car [874, 257]
193 car [1059, 198]
39 car [1192, 336]
1 car [1251, 411]
0 frame changed

259 car [894, 133]
255 car [1271, 212]
249 car [1169, 212]
246 car [1156, 281]
244 car [1056, 400]
241 car [866, 430]
230 car [988, 231]
218 car [870, 263]
193 car [1060, 199]
39 car [1193, 336]
1 car [1252, 411]
0 frame changed

255 car [1259, 208]
246 car [1158, 282]
244 car [1058, 401]
241 car [868, 430]
230 car [993, 239]
1 car [1251, 410]
0 frame changed

263 car [1356, 252]
262 car [866, 281]
255 car [1237, 199]
244 car [1057, 401]
241 car [866, 429]
230 car [995, 243]
1 car [1252, 410]
0 frame changed

263 car [1326, 236]
262 car [865, 289]
255 car [1220, 192]
244 car [1057, 401]
241 car [865, 429]
230 car [996, 251]
193 car [1059, 198]
39 car [1192, 331]
1 car [1250, 410]
0 frame changed

263 car [1302, 224]
262 car [866, 295]
255 car [1206, 188]
244 car [1057, 400]
241 car [869, 430]
230 car [1003, 256]
1 car [1252, 410]
0 frame changed

263 car [1274, 214]
262 car [863, 301]
255 car [1192, 186]
244 car [1056, 401]
241 car [868, 430]
230 car [1006, 266]
1 car [1250, 410]
0 frame changed

262 car [863, 304]
244 car [1056, 401]
241 car [868, 431]
230 car [1012, 274]
218 car [862, 317]
39 car [1195, 332]
1 car [1251, 411]
0 frame changed

262 car [864, 308]
259 car [895, 158]
244 car [1053, 408]
241 car [867, 431]
230 car [1018, 281]
193 car [1062, 197]
0 frame changed

262 car [864, 315]
259 car [892, 161]
255 car [1155, 169]
244 car [1055, 403]
241 car [866, 432]
230 car [1021, 290]
193 car [1061, 197]
0 frame changed

278 car [1259, 272]
277 car [1341, 247]
262 car [864, 319]
255 car [1149, 168]
244 car [1057, 402]
241 car [867, 432]
230 car [1025, 297]
193 car [1061, 197]
39 car [1196, 338]
1 car [1251, 411]
0 frame changed

278 car [1235, 254]
277 car [1309, 236]
244 car [1056, 400]
241 car [866, 432]
230 car [1031, 304]
193 car [1059, 197]
39 car [1194, 337]
1 car [1251, 409]
0 frame changed

278 car [1211, 235]
277 car [1288, 224]
259 car [889, 177]
244 car [1053, 398]
241 car [867, 432]
218 car [863, 322]
193 car [1061, 197]
39 car [1194, 337]
1 car [1252, 411]
0 frame changed

278 car [1192, 218]
277 car [1264, 213]
244 car [1053, 397]
241 car [866, 431]
218 car [865, 324]
193 car [1060, 199]
39 car [1193, 335]
1 car [1252, 409]
0 frame changed

278 car [1169, 211]
277 car [1242, 206]
246 car [1157, 278]
244 car [1053, 398]
241 car [864, 431]
218 car [864, 327]
193 car [1061, 199]
39 car [1193, 331]
1 car [1252, 409]
0 frame changed

281 car [856, 139]
278 car [1154, 200]
277 car [1226, 197]
276 car [1334, 286]
259 car [880, 200]
246 car [1159, 278]
244 car [1054, 398]
241 car [866, 432]
218 car [865, 327]
193 car [1060, 198]
39 car [1195, 334]
1 car [1251, 409]
0 frame changed

285 car [1161, 261]
282 car [1039, 263]
279 car [899, 113]
277 car [1209, 191]
259 car [878, 210]
246 car [1158, 276]
241 car [864, 432]
218 car [863, 328]
193 car [1060, 198]
39 car [1193, 335]
1 car [1253, 410]
0 frame changed

279 car [900, 113]
259 car [875, 219]
241 car [864, 433]
218 car [863, 330]
193 car [1057, 197]
39 car [1192, 334]
1 car [1253, 411]
0 frame changed

288 car [1284, 219]
284 car [1023, 278]
279 car [900, 116]
259 car [873, 230]
244 car [1056, 398]
241 car [866, 431]
218 car [863, 330]
193 car [1059, 196]
39 car [1194, 334]
1 car [1253, 412]
0 frame changed

290 car [1757, 402]
288 car [1262, 210]
284 car [1023, 275]
279 car [898, 115]
259 car [870, 244]
246 car [1157, 277]
244 car [1054, 398]
241 car [864, 433]
218 car [863, 332]
213 car [1049, 422]
193 car [1059, 198]
39 car [1193, 333]
1 car [1252, 411]
0 frame changed

290 car [1692, 375]
288 car [1245, 204]
279 car [896, 115]
259 car [868, 258]
246 car [1159, 281]
244 car [1056, 400]
241 car [867, 432]
230 car [1047, 322]
218 car [864, 336]
213 car [1050, 422]
193 car [1059, 198]
39 car [1194, 336]
1 car [1253, 411]
0 frame changed

290 car [1623, 346]
288 car [1229, 194]
279 car [899, 117]
259 car [866, 263]
246 car [1160, 281]
244 car [1055, 402]
241 car [868, 431]
230 car [1046, 321]
218 car [864, 338]
213 car [1050, 423]
193 car [1061, 197]
39 car [1193, 336]
1 car [1253, 411]
0 frame changed

293 car [866, 324]
290 car [1554, 321]
279 car [897, 117]
259 car [863, 272]
244 car [1053, 404]
241 car [867, 432]
218 car [865, 338]
193 car [1076, 200]
39 car [1193, 335]
1 car [1253, 411]
0 frame changed

293 car [866, 325]
290 car [1491, 297]
279 car [897, 117]
259 car [862, 278]
244 car [1056, 404]
241 car [868, 432]
218 car [865, 338]
193 car [1084, 202]
39 car [1195, 336]
1 car [1253, 411]
0 frame changed

293 car [866, 326]
290 car [1426, 274]
259 car [862, 280]
246 car [1161, 282]
244 car [1055, 404]
241 car [869, 433]
193 car [1092, 205]
39 car [1193, 336]
1 car [1253, 410]
0 frame changed

293 car [866, 326]
290 car [1381, 256]
246 car [1162, 283]
244 car [1056, 404]
241 car [870, 433]
193 car [1093, 204]
39 car [1193, 336]
1 car [1253, 411]
0 frame changed

300 car [1673, 371]
295 car [861, 279]
293 car [865, 323]
290 car [1341, 239]
246 car [1162, 284]
244 car [1057, 403]
241 car [870, 432]
218 car [864, 339]
193 car [1093, 203]
39 car [1193, 336]
1 car [1252, 410]
0 frame changed

300 car [1594, 341]
295 car [863, 279]
293 car [866, 323]
290 car [1307, 224]
246 car [1161, 281]
244 car [1055, 403]
241 car [870, 432]
218 car [866, 338]
193 car [1091, 202]
39 car [1192, 336]
1 car [1252, 407]
0 frame changed

300 car [1521, 315]
295 car [864, 280]
293 car [865, 322]
279 car [896, 128]
246 car [1161, 282]
244 car [1057, 404]
241 car [870, 432]
218 car [866, 338]
193 car [1094, 203]
39 car [1193, 335]
1 car [1253, 409]
0 frame changed

300 car [1462, 293]
295 car [862, 280]
293 car [865, 321]
246 car [1162, 283]
244 car [1058, 404]
241 car [870, 431]
218 car [865, 339]
193 car [1097, 203]
39 car [1194, 335]
1 car [1253, 410]
0 frame changed

306 car [1228, 197]
300 car [1409, 269]
295 car [863, 280]
293 car [865, 321]
246 car [1162, 283]
244 car [1057, 404]
241 car [871, 430]
218 car [865, 339]
213 car [1051, 423]
193 car [1097, 202]
39 car [1193, 336]
1 car [1253, 409]
0 frame changed

306 car [1202, 190]
300 car [1369, 252]
293 car [865, 321]
279 car [896, 131]
246 car [1161, 283]
244 car [1058, 403]
241 car [871, 430]
230 car [1048, 300]
218 car [865, 339]
213 car [1052, 422]
193 car [1099, 203]
39 car [1193, 336]
1 car [1253, 410]
0 frame changed

306 car [1188, 181]
300 car [1334, 238]
293 car [865, 322]
279 car [896, 133]
246 car [1161, 283]
244 car [1057, 405]
241 car [870, 431]
230 car [1048, 300]
218 car [866, 339]
193 car [1100, 204]
39 car [1193, 336]
1 car [1253, 410]
0 frame changed

306 car [1169, 174]
295 car [862, 280]
293 car [865, 323]
279 car [897, 135]
246 car [1161, 284]
244 car [1058, 403]
241 car [868, 432]
230 car [1048, 299]
218 car [865, 337]
39 car [1194, 336]
1 car [1253, 411]
0 frame changed

306 car [1154, 168]
293 car [866, 322]
279 car [898, 135]
246 car [1160, 283]
244 car [1057, 402]
241 car [868, 432]
230 car [1048, 300]
218 car [865, 338]
213 car [1051, 424]
39 car [1194, 336]
1 car [1253, 411]
0 frame changed

244 car [1056, 403]
241 car [870, 430]
0 frame changed

244 car [1057, 402]
241 car [870, 430]
0 frame changed

0 frame changed

0 frame changed

0 frame changed

241 car [871, 429]
0 frame changed

241 car [871, 430]
0 frame changed

308 car [1053, 195]
279 car [894, 157]
241 car [868, 433]
218 car [866, 337]
213 car [1052, 416]
39 car [1195, 336]
1 car [1253, 412]
0 frame changed

313 car [1353, 330]
308 car [1055, 196]
279 car [895, 156]
241 car [868, 432]
218 car [866, 339]
213 car [1051, 420]
39 car [1195, 335]
1 car [1251, 409]
0 frame changed

313 car [1317, 304]
308 car [1055, 198]
244 car [1058, 404]
241 car [870, 431]
218 car [866, 338]
213 car [1051, 421]
0 frame changed

313 car [1285, 282]
244 car [1059, 405]
241 car [870, 431]
218 car [866, 338]
0 frame changed

317 car [1053, 195]
313 car [1260, 267]
295 car [862, 279]
279 car [892, 172]
244 car [1059, 404]
241 car [868, 430]
218 car [866, 338]
1 car [1253, 410]
0 frame changed

313 car [1238, 252]
241 car [869, 430]
0 frame changed

313 car [1217, 237]
241 car [870, 430]
0 frame changed

317 car [1058, 199]
244 car [1059, 403]
1 car [1253, 411]
0 frame changed

244 car [1057, 404]
1 car [1253, 411]
0 frame changed

0 frame changed

0 frame changed

293 car [865, 324]
244 car [1056, 404]
241 car [870, 431]
218 car [866, 337]
39 car [1194, 335]
0 frame changed

317 car [1061, 198]
244 car [1058, 403]
241 car [870, 432]
218 car [865, 337]
39 car [1194, 336]
1 car [1253, 411]
0 frame changed

317 car [1061, 199]
244 car [1057, 403]
241 car [871, 432]
218 car [866, 338]
213 car [1049, 423]
39 car [1194, 337]
1 car [1253, 411]
0 frame changed

317 car [1063, 200]
244 car [1057, 403]
241 car [871, 432]
218 car [866, 339]
39 car [1193, 337]
1 car [1252, 411]
0 frame changed

326 car [1234, 206]
317 car [1062, 198]
295 car [863, 279]
244 car [1057, 403]
241 car [872, 431]
218 car [866, 338]
39 car [1193, 337]
1 car [1251, 410]
0 frame changed

317 car [1064, 199]
295 car [863, 279]
293 car [865, 325]
279 car [881, 218]
244 car [1057, 403]
241 car [870, 432]
218 car [867, 337]
213 car [1050, 423]
39 car [1194, 336]
1 car [1252, 410]
0 frame changed

295 car [864, 279]
293 car [866, 324]
279 car [881, 220]
244 car [1056, 403]
241 car [872, 433]
218 car [866, 337]
213 car [1051, 423]
39 car [1194, 336]
1 car [1252, 411]
0 frame changed

330 car [1383, 267]
329 car [1086, 206]
328 car [1161, 281]
326 car [1163, 191]
324 car [1298, 223]
293 car [865, 324]
279 car [880, 220]
244 car [1056, 403]
241 car [871, 433]
218 car [865, 338]
39 car [1196, 336]
1 car [1253, 411]
0 frame changed

330 car [1353, 255]
241 car [870, 433]
218 car [865, 338]
39 car [1195, 337]
1 car [1254, 411]
0 frame changed

330 car [1328, 243]
241 car [870, 434]
218 car [864, 336]
39 car [1195, 337]
1 car [1254, 410]
0 frame changed

0 frame changed

0 frame changed

0 frame changed

0 frame changed

329 car [1171, 214]
244 car [1058, 403]
241 car [868, 431]
218 car [865, 337]
39 car [1196, 335]
1 car [1253, 410]
0 frame changed

317 car [1058, 199]
244 car [1056, 403]
241 car [869, 430]
218 car [864, 338]
213 car [1050, 422]
39 car [1196, 337]
1 car [1253, 411]
0 frame changed

331 car [1289, 216]
244 car [1057, 403]
241 car [870, 431]
218 car [865, 338]
1 car [1253, 411]
0 frame changed

241 car [870, 431]
0 frame changed

241 car [868, 431]
0 frame changed

331 car [1353, 215]
244 car [1057, 402]
241 car [869, 430]
218 car [863, 338]
213 car [1051, 422]
39 car [1195, 335]
0 frame changed

333 car [1150, 167]
331 car [1354, 213]
317 car [1078, 214]
244 car [1057, 402]
241 car [869, 430]
218 car [863, 337]
213 car [1051, 423]
39 car [1193, 335]
0 frame changed

333 car [1136, 163]
317 car [1080, 218]
244 car [1057, 402]
241 car [867, 431]
218 car [864, 338]
213 car [1050, 422]
39 car [1194, 336]
1 car [1253, 411]
0 frame changed

333 car [1122, 158]
317 car [1083, 222]
244 car [1058, 402]
241 car [867, 429]
218 car [863, 338]
213 car [1052, 421]
39 car [1194, 336]
1 car [1253, 411]
0 frame changed

336 car [1369, 267]
335 car [1301, 197]
334 car [1161, 261]
333 car [1114, 152]
317 car [1090, 227]
244 car [1058, 402]
241 car [869, 430]
218 car [863, 338]
213 car [1051, 422]
39 car [1197, 336]
1 car [1255, 410]
0 frame changed

337 car [1675, 373]
336 car [1340, 254]
335 car [1279, 194]
334 car [1159, 275]
317 car [1096, 233]
244 car [1059, 402]
241 car [868, 432]
218 car [864, 338]
213 car [1051, 421]
39 car [1197, 337]
1 car [1254, 411]
0 frame changed

338 car [1058, 195]
337 car [1595, 349]
336 car [1311, 237]
317 car [1102, 237]
244 car [1058, 402]
241 car [868, 430]
213 car [1051, 422]
39 car [1195, 336]
1 car [1253, 411]
0 frame changed

340 car [971, 190]
338 car [1062, 196]
337 car [1527, 323]
336 car [1288, 225]
317 car [1105, 240]
244 car [1058, 403]
241 car [868, 431]
213 car [1051, 423]
39 car [1195, 336]
1 car [1253, 411]
0 frame changed

340 car [972, 194]
337 car [1474, 301]
336 car [1265, 217]
335 car [1204, 176]
293 car [863, 321]
244 car [1059, 402]
241 car [868, 431]
218 car [864, 338]
213 car [1052, 422]
39 car [1196, 337]
1 car [1253, 411]
0 frame changed

341 car [873, 241]
340 car [975, 199]
337 car [1427, 280]
336 car [1245, 206]
335 car [1186, 169]
244 car [1058, 402]
241 car [869, 431]
218 car [864, 339]
213 car [1052, 423]
39 car [1196, 337]
1 car [1252, 411]
0 frame changed

341 car [872, 239]
340 car [979, 209]
338 car [1080, 209]
337 car [1382, 261]
336 car [1225, 196]
335 car [1163, 169]
334 car [1159, 280]
244 car [1057, 402]
241 car [868, 431]
39 car [1196, 337]
1 car [1252, 411]
0 frame changed

341 car [872, 238]
340 car [985, 212]
338 car [1082, 211]
336 car [1205, 190]
335 car [1147, 163]
244 car [1058, 402]
241 car [867, 432]
39 car [1196, 337]
1 car [1253, 407]
0 frame changed

340 car [988, 215]
338 car [1086, 215]
336 car [1190, 185]
293 car [862, 321]
244 car [1058, 402]
241 car [865, 433]
39 car [1196, 337]
1 car [1253, 409]
0 frame changed

345 car [1291, 229]
340 car [989, 218]
339 car [863, 279]
338 car [1090, 219]
334 car [1156, 266]
293 car [862, 322]
244 car [1057, 403]
241 car [866, 433]
39 car [1196, 338]
1 car [1253, 411]
0 frame changed

345 car [1268, 217]
344 car [782, 223]
340 car [992, 223]
338 car [1094, 222]
334 car [1157, 261]
293 car [862, 322]
244 car [1057, 403]
241 car [867, 432]
218 car [865, 338]
39 car [1196, 337]
1 car [1254, 409]
0 frame changed

346 car [953, 155]
345 car [1247, 209]
344 car [777, 232]
340 car [996, 226]
293 car [863, 322]
244 car [1058, 402]
241 car [865, 433]
218 car [864, 339]
39 car [1197, 337]
1 car [1253, 410]
0 frame changed

345 car [1233, 201]
344 car [768, 240]
340 car [996, 233]
339 car [863, 279]
293 car [863, 322]
244 car [1059, 403]
241 car [867, 432]
218 car [864, 338]
39 car [1197, 337]
1 car [1254, 409]
0 frame changed

348 car [735, 862]
345 car [1222, 193]
344 car [761, 255]
340 car [1000, 238]
339 car [862, 279]
317 car [1160, 281]
293 car [862, 322]
244 car [1059, 402]
241 car [866, 432]
218 car [864, 338]
213 car [1053, 423]
39 car [1197, 338]
1 car [1254, 409]
0 frame changed

348 car [1034, 786]
340 car [1003, 239]
339 car [862, 280]
293 car [862, 323]
244 car [1058, 403]
241 car [867, 433]
218 car [864, 336]
39 car [1197, 338]
1 car [1252, 407]
0 frame changed

348 car [1267, 708]
340 car [1008, 242]
339 car [862, 280]
293 car [862, 323]
244 car [1056, 404]
241 car [866, 435]
218 car [864, 337]
39 car [1195, 335]
1 car [1252, 408]
0 frame changed

348 car [1440, 632]
344 car [740, 283]
340 car [1009, 241]
338 car [1103, 236]
244 car [1056, 409]
241 car [868, 434]
218 car [865, 337]
39 car [1196, 336]
1 car [1252, 409]
0 frame changed

351 car [1313, 206]
346 car [968, 180]
344 car [734, 308]
340 car [1008, 243]
338 car [1105, 236]
334 car [1158, 262]
244 car [1057, 406]
241 car [867, 433]
218 car [866, 336]
39 car [1196, 337]
1 car [1252, 409]
0 frame changed

353 car [828, 890]
352 car [730, 317]
340 car [1008, 244]
334 car [1158, 262]
244 car [1057, 405]
241 car [868, 431]
218 car [865, 337]
39 car [1197, 337]
1 car [1252, 409]
0 frame changed

353 car [1151, 829]
244 car [1056, 405]
241 car [866, 430]
39 car [1197, 337]
0 frame changed

353 car [1407, 749]
244 car [1056, 404]
241 car [866, 432]
39 car [1197, 337]
0 frame changed

353 car [1593, 668]
344 car [706, 352]
244 car [1057, 403]
241 car [866, 431]
218 car [864, 338]
39 car [1196, 337]
1 car [1253, 410]
0 frame changed

344 car [695, 363]
244 car [1056, 404]
241 car [868, 432]
218 car [864, 338]
39 car [1194, 336]
1 car [1252, 409]
0 frame changed

357 car [1439, 329]
344 car [691, 377]
244 car [1055, 404]
241 car [869, 432]
39 car [1195, 337]
1 car [1252, 408]
0 frame changed

357 car [1403, 302]
344 car [688, 384]
244 car [1056, 404]
241 car [867, 433]
39 car [1195, 337]
1 car [1251, 406]
0 frame changed

357 car [1368, 279]
344 car [685, 386]
244 car [1055, 403]
241 car [867, 433]
39 car [1195, 336]
1 car [1252, 408]
0 frame changed

357 car [1338, 258]
344 car [686, 390]
339 car [861, 278]
244 car [1055, 403]
241 car [870, 431]
39 car [1195, 336]
0 frame changed

357 car [1309, 242]
344 car [684, 393]
339 car [861, 278]
244 car [1054, 403]
241 car [868, 432]
218 car [863, 338]
39 car [1195, 336]
0 frame changed

357 car [1287, 228]
344 car [682, 396]
339 car [861, 278]
244 car [1055, 403]
241 car [867, 431]
218 car [863, 339]
39 car [1192, 335]
1 car [1252, 410]
0 frame changed

357 car [1264, 215]
344 car [680, 401]
339 car [861, 278]
244 car [1055, 403]
241 car [867, 432]
218 car [863, 338]
39 car [1195, 336]
1 car [1252, 410]
0 frame changed

366 car [1396, 268]
344 car [677, 404]
339 car [861, 278]
244 car [1055, 403]
241 car [868, 433]
218 car [863, 339]
39 car [1196, 336]
1 car [1253, 411]
0 frame changed

366 car [1353, 246]
344 car [677, 407]
334 car [1158, 278]
244 car [1057, 402]
241 car [869, 432]
218 car [863, 338]
39 car [1195, 336]
1 car [1253, 410]
0 frame changed

368 car [1474, 412]
366 car [1314, 229]
344 car [676, 408]
334 car [1159, 279]
244 car [1058, 402]
241 car [868, 431]
218 car [863, 338]
39 car [1195, 336]
1 car [1253, 410]
0 frame changed

369 car [1191, 182]
368 car [1420, 372]
366 car [1284, 216]
344 car [670, 413]
334 car [1159, 279]
244 car [1058, 402]
241 car [867, 430]
218 car [864, 338]
39 car [1195, 337]
1 car [1253, 410]
0 frame changed

369 car [1169, 174]
368 car [1370, 337]
366 car [1254, 206]
344 car [668, 415]
244 car [1056, 402]
241 car [868, 429]
39 car [1195, 337]
1 car [1252, 409]
0 frame changed

369 car [1155, 169]
368 car [1324, 307]
366 car [1221, 195]
344 car [667, 417]
244 car [1055, 403]
241 car [867, 430]
39 car [1195, 337]
1 car [1252, 408]
0 frame changed

368 car [1283, 278]
344 car [668, 418]
244 car [1056, 403]
241 car [866, 429]
39 car [1196, 338]
1 car [1253, 409]
0 frame changed

344 car [667, 421]
244 car [1057, 403]
241 car [867, 429]
39 car [1196, 338]
1 car [1254, 409]
0 frame changed

369 car [1117, 154]
344 car [664, 423]
244 car [1056, 404]
241 car [867, 430]
39 car [1196, 337]
1 car [1252, 409]
0 frame changed

371 car [1167, 170]
344 car [663, 425]
244 car [1057, 404]
241 car [865, 431]
39 car [1196, 338]
0 frame changed

374 car [1190, 219]
344 car [662, 426]
244 car [1057, 404]
241 car [865, 429]
39 car [1197, 337]
0 frame changed

370 car [1051, 424]
344 car [662, 426]
334 car [1160, 281]
244 car [1056, 403]
241 car [866, 430]
39 car [1197, 336]
1 car [1253, 408]
0 frame changed

370 car [1051, 423]
344 car [661, 427]
334 car [1160, 281]
244 car [1056, 403]
241 car [864, 431]
39 car [1197, 338]
1 car [1253, 410]
0 frame changed

344 car [662, 427]
334 car [1159, 280]
244 car [1057, 403]
241 car [865, 431]
39 car [1196, 336]
1 car [1251, 408]
0 frame changed

344 car [662, 427]
338 car [1159, 263]
334 car [1159, 279]
244 car [1057, 403]
241 car [866, 430]
39 car [1196, 336]
1 car [1252, 409]
0 frame changed

344 car [662, 427]
334 car [1160, 279]
244 car [1057, 403]
241 car [867, 430]
39 car [1196, 338]
1 car [1251, 408]
0 frame changed

370 car [1052, 423]
344 car [662, 427]
334 car [1159, 278]
244 car [1057, 403]
241 car [866, 431]
39 car [1196, 338]
1 car [1253, 409]
0 frame changed

375 car [1101, 235]
344 car [661, 427]
334 car [1159, 278]
244 car [1057, 403]
241 car [866, 431]
218 car [864, 338]
39 car [1196, 337]
1 car [1253, 411]
0 frame changed

375 car [1101, 235]
344 car [661, 427]
334 car [1159, 278]
244 car [1057, 402]
241 car [865, 430]
218 car [864, 338]
39 car [1195, 337]
1 car [1253, 411]
0 frame changed

344 car [662, 427]
244 car [1056, 403]
241 car [865, 431]
218 car [863, 338]
39 car [1195, 337]
1 car [1253, 411]
0 frame changed

344 car [663, 426]
244 car [1057, 404]
241 car [865, 431]
218 car [863, 339]
39 car [1195, 336]
1 car [1255, 410]
0 frame changed

370 car [1052, 425]
344 car [662, 426]
334 car [1158, 280]
244 car [1056, 404]
241 car [866, 431]
218 car [863, 338]
39 car [1195, 337]
1 car [1254, 408]
0 frame changed

370 car [1052, 424]
344 car [662, 426]
334 car [1159, 277]
244 car [1057, 403]
241 car [867, 430]
218 car [862, 339]
39 car [1196, 337]
1 car [1253, 410]
0 frame changed

370 car [1051, 424]
344 car [662, 426]
334 car [1160, 279]
244 car [1056, 403]
241 car [867, 431]
39 car [1196, 337]
1 car [1254, 407]
0 frame changed

344 car [662, 427]
244 car [1054, 404]
241 car [866, 431]
39 car [1196, 337]
1 car [1253, 408]
0 frame changed

344 car [662, 427]
244 car [1055, 403]
241 car [867, 429]
39 car [1196, 337]
1 car [1253, 410]
0 frame changed

344 car [663, 427]
244 car [1054, 403]
241 car [865, 430]
39 car [1193, 336]
1 car [1253, 410]
0 frame changed

344 car [663, 427]
244 car [1056, 403]
241 car [866, 430]
218 car [862, 338]
39 car [1195, 337]
1 car [1254, 409]
0 frame changed

344 car [663, 426]
244 car [1055, 403]
241 car [865, 430]
218 car [863, 338]
39 car [1192, 336]
1 car [1253, 411]
0 frame changed

378 car [860, 280]
344 car [663, 426]
244 car [1055, 403]
241 car [865, 430]
218 car [863, 338]
39 car [1191, 335]
1 car [1253, 411]
0 frame changed

378 car [862, 279]
344 car [662, 426]
244 car [1057, 403]
241 car [866, 430]
218 car [863, 337]
39 car [1194, 335]
1 car [1252, 409]
0 frame changed

378 car [862, 279]
344 car [662, 426]
244 car [1056, 403]
241 car [865, 430]
218 car [863, 337]
39 car [1192, 336]
1 car [1252, 410]
0 frame changed

379 car [894, 156]
378 car [861, 279]
344 car [663, 425]
244 car [1056, 404]
241 car [867, 429]
218 car [863, 337]
39 car [1191, 336]
1 car [1253, 411]
0 frame changed

379 car [894, 155]
378 car [861, 279]
344 car [663, 427]
244 car [1056, 404]
241 car [866, 432]
218 car [864, 338]
39 car [1192, 333]
1 car [1253, 412]
0 frame changed

379 car [894, 156]
378 car [862, 280]
344 car [663, 427]
244 car [1056, 412]
241 car [863, 437]
218 car [863, 338]
39 car [1192, 332]
1 car [1253, 413]
0 frame changed

380 car [874, 239]
379 car [894, 156]
375 car [1100, 234]
344 car [662, 430]
334 car [1154, 264]
241 car [862, 455]
218 car [864, 341]
39 car [1194, 333]
1 car [1265, 415]
0 frame changed

380 car [874, 239]
379 car [894, 156]
375 car [1100, 235]
370 car [1069, 449]
344 car [660, 440]
334 car [1152, 264]
241 car [860, 472]
218 car [865, 351]
39 car [1195, 334]
1 car [1273, 427]
0 frame changed

380 car [872, 240]
370 car [1081, 479]
344 car [652, 454]
334 car [1153, 263]
241 car [853, 501]
218 car [865, 357]
39 car [1195, 334]
1 car [1282, 440]
0 frame changed

382 car [1053, 362]
380 car [873, 240]
370 car [1100, 527]
334 car [1155, 274]
241 car [842, 547]
218 car [863, 367]
39 car [1196, 337]
1 car [1298, 461]
0 frame changed

382 car [1053, 357]
380 car [873, 241]
378 car [859, 299]
375 car [1100, 236]
370 car [1121, 587]
334 car [1155, 278]
241 car [824, 604]
218 car [860, 378]
39 car [1199, 340]
1 car [1318, 483]
0 frame changed

382 car [1053, 360]
380 car [873, 239]
378 car [859, 303]
334 car [1157, 280]
218 car [861, 392]
39 car [1202, 346]
1 car [1345, 509]
0 frame changed

385 car [551, 658]
381 car [856, 321]
380 car [873, 240]
334 car [1157, 281]
244 car [1057, 380]
218 car [860, 416]
39 car [1210, 356]
1 car [1393, 543]
0 frame changed

385 car [514, 774]
381 car [853, 334]
380 car [872, 242]
334 car [1160, 285]
244 car [1062, 389]
218 car [860, 442]
39 car [1225, 372]
0 frame changed

385 car [437, 914]
381 car [851, 348]
380 car [873, 242]
334 car [1164, 296]
244 car [1068, 404]
218 car [856, 478]
39 car [1243, 390]
0 frame changed

392 car [868, 256]
391 car [1052, 332]
383 car [1012, 263]
381 car [849, 359]
379 car [894, 157]
334 car [1169, 305]
244 car [1074, 424]
218 car [854, 518]
39 car [1264, 408]
0 frame changed

392 car [870, 258]
391 car [1060, 345]
381 car [849, 381]
334 car [1177, 314]
244 car [1091, 448]
218 car [847, 578]
39 car [1285, 437]
0 frame changed

398 car [1017, 283]
392 car [869, 258]
391 car [1066, 366]
381 car [845, 405]
244 car [1100, 480]
0 frame changed

398 car [1027, 298]
392 car [869, 260]
391 car [1072, 390]
381 car [842, 440]
375 car [1104, 235]
244 car [1114, 521]
0 frame changed

402 car [864, 279]
401 car [1161, 299]
398 car [1027, 302]
391 car [1080, 420]
381 car [840, 481]
375 car [1109, 237]
244 car [1126, 575]
0 frame changed

398 car [1038, 319]
391 car [1101, 457]
381 car [837, 526]
378 car [861, 298]
375 car [1112, 241]
0 frame changed

398 car [1049, 339]
391 car [1114, 494]
380 car [887, 239]
378 car [860, 302]
375 car [1117, 245]
0 frame changed

402 car [853, 336]
401 car [1195, 342]
398 car [1059, 363]
383 car [1015, 276]
380 car [887, 246]
375 car [1121, 255]
370 car [1239, 881]
334 car [1275, 402]
0 frame changed

402 car [850, 359]
401 car [1206, 352]
398 car [1070, 389]
383 car [1021, 286]
380 car [885, 252]
375 car [1130, 264]
0 frame changed

402 car [849, 391]
401 car [1227, 364]
398 car [1084, 424]
383 car [1027, 302]
380 car [885, 257]
375 car [1142, 274]
0 frame changed

402 car [845, 432]
398 car [1101, 463]
383 car [1033, 322]
380 car [885, 266]
375 car [1156, 286]
0 frame changed

383 car [1045, 344]
0 frame changed

383 car [1057, 375]
0 frame changed

383 car [1073, 412]
378 car [879, 308]
0 frame changed

410 car [1083, 219]
383 car [1092, 457]
378 car [877, 329]
375 car [1153, 284]
0 frame changed

400 car [1091, 237]
378 car [871, 356]
0 frame changed

424 car [1283, 436]
423 car [884, 254]
422 car [1194, 334]
421 car [1165, 167]
400 car [1094, 240]
378 car [866, 392]
0 frame changed

423 car [880, 263]
422 car [1212, 355]
421 car [1146, 162]
378 car [856, 437]
0 frame changed

426 car [1118, 262]
422 car [1234, 385]
421 car [1131, 158]
0 frame changed

426 car [1129, 278]
422 car [1259, 415]
421 car [1119, 153]
0 frame changed

426 car [1147, 297]
423 car [872, 314]
422 car [1299, 453]
400 car [1088, 223]
380 car [873, 296]
0 frame changed

427 car [1059, 199]
426 car [1166, 319]
423 car [870, 337]
410 car [1100, 238]
0 frame changed

428 car [884, 239]
426 car [1184, 343]
423 car [866, 366]
410 car [1108, 252]
0 frame changed

430 car [1730, 376]
428 car [883, 240]
426 car [1209, 369]
423 car [860, 404]
410 car [1122, 266]
0 frame changed

430 car [1648, 349]
428 car [878, 242]
427 car [1081, 220]
426 car [1242, 406]
410 car [1138, 286]
0 frame changed

430 car [1580, 325]
427 car [1092, 231]
378 car [854, 535]
0 frame changed

431 car [894, 196]
430 car [1516, 299]
427 car [1098, 239]
380 car [871, 281]
375 car [1177, 335]
0 frame changed

434 car [1068, 200]
430 car [1463, 279]
427 car [1110, 253]
375 car [1203, 362]
0 frame changed

436 car [1695, 384]
435 car [863, 326]
434 car [1077, 201]
430 car [1416, 261]
427 car [1122, 267]
0 frame changed

439 car [965, 168]
436 car [1600, 351]
435 car [852, 380]
434 car [1084, 203]
431 car [892, 219]
430 car [1379, 245]
428 car [892, 234]
427 car [1138, 284]
0 frame changed

439 car [967, 173]
436 car [1522, 320]
435 car [850, 425]
434 car [1094, 205]
431 car [891, 222]
430 car [1342, 232]
428 car [891, 235]
427 car [1150, 302]
0 frame changed

439 car [972, 179]
436 car [1455, 295]
435 car [846, 488]
434 car [1106, 207]
428 car [889, 237]
0 frame changed

439 car [976, 191]
436 car [1405, 269]
434 car [1110, 207]
428 car [882, 250]
0 frame changed

445 car [1275, 206]
439 car [984, 198]
434 car [1114, 207]
0 frame changed

443 car [899, 138]
439 car [993, 211]
434 car [1114, 207]
420 car [794, 884]
380 car [871, 295]
0 frame changed

449 car [1306, 225]
439 car [1000, 229]
434 car [1115, 208]
380 car [872, 311]
0 frame changed

449 car [1276, 214]
445 car [1209, 184]
439 car [1012, 249]
434 car [1115, 208]
0 frame changed

452 car [1338, 240]
449 car [1243, 203]
445 car [1195, 175]
443 car [903, 153]
439 car [1028, 273]
434 car [1115, 207]
431 car [887, 290]
0 frame changed

452 car [1304, 225]
449 car [1207, 193]
443 car [903, 155]
439 car [1054, 303]
434 car [1119, 208]
0 frame changed

452 car [1278, 213]
449 car [1170, 181]
434 car [1118, 210]
380 car [880, 338]
0 frame changed

455 car [1003, 172]
452 car [1250, 201]
451 car [1473, 295]
434 car [1122, 211]
380 car [877, 374]
0 frame changed

457 car [866, 259]
456 car [950, 157]
452 car [1224, 191]
451 car [1446, 277]
434 car [1126, 211]
0 frame changed

457 car [861, 277]
453 car [855, 508]
452 car [1197, 184]
451 car [1420, 258]
434 car [1128, 212]
0 frame changed

457 car [861, 301]
455 car [1001, 198]
452 car [1172, 175]
451 car [1391, 242]
434 car [1128, 212]
0 frame changed

457 car [856, 328]
455 car [1005, 209]
451 car [1364, 227]
434 car [1130, 211]
0 frame changed

464 car [875, 239]
462 car [1136, 168]
461 car [975, 189]
457 car [852, 358]
455 car [1022, 221]
451 car [1331, 213]
434 car [1131, 212]
0 frame changed

467 car [1352, 266]
464 car [869, 252]
462 car [1117, 157]
461 car [983, 199]
457 car [846, 406]
455 car [1040, 238]
451 car [1299, 203]
434 car [1132, 211]
0 frame changed

467 car [1336, 254]
464 car [869, 266]
462 car [1098, 151]
457 car [837, 466]
455 car [1068, 261]
451 car [1270, 194]
434 car [1133, 210]
0 frame changed

468 car [904, 133]
464 car [864, 286]
455 car [1098, 289]
434 car [1131, 210]
0 frame changed

473 car [1313, 233]
468 car [904, 137]
464 car [861, 303]
461 car [996, 234]
434 car [1134, 211]
0 frame changed

473 car [1302, 224]
471 car [879, 235]
468 car [905, 136]
464 car [857, 336]
461 car [1006, 254]
451 car [1191, 170]
434 car [1138, 210]
0 frame changed

473 car [1290, 215]
471 car [877, 251]
468 car [907, 137]
465 car [1508, 276]
464 car [853, 373]
461 car [1017, 277]
451 car [1170, 164]
434 car [1141, 211]
0 frame changed

477 car [1000, 235]
473 car [1268, 205]
472 car [870, 251]
471 car [869, 273]
465 car [1478, 262]
464 car [846, 419]
461 car [1029, 309]
451 car [1150, 157]
434 car [1141, 212]
0 frame changed

482 car [907, 148]
477 car [1010, 255]
473 car [1237, 197]
471 car [867, 281]
465 car [1448, 244]
464 car [841, 480]
461 car [1049, 354]
434 car [1144, 212]
0 frame changed

484 car [980, 137]
482 car [910, 152]
477 car [1027, 278]
471 car [863, 298]
458 car [1122, 154]
434 car [1155, 214]
0 frame changed

482 car [912, 157]
477 car [1042, 307]
469 car [1035, 217]
450 car [1786, 404]
434 car [1172, 214]
0 frame changed

490 car [849, 391]
485 car [905, 114]
482 car [907, 166]
477 car [1063, 348]
434 car [1191, 216]
0 frame changed

495 car [1084, 257]
490 car [844, 436]
482 car [906, 170]
434 car [1212, 215]
0 frame changed

495 car [1106, 281]
490 car [834, 506]
489 car [940, 136]
482 car [905, 177]
434 car [1241, 214]
0 frame changed

489 car [942, 136]
482 car [910, 183]
434 car [1276, 218]
0 frame changed

489 car [943, 136]
482 car [911, 190]
434 car [1304, 219]
0 frame changed

507 car [1011, 160]
502 car [1155, 176]
489 car [946, 134]
482 car [910, 199]
0 frame changed

482 car [913, 212]
0 frame changed

516 bicycle [1186, 213]
482 car [911, 228]
0 frame changed

519 car [1025, 177]
516 bicycle [1172, 202]
515 car [1268, 227]
508 car [1085, 155]
482 car [911, 249]
0 frame changed

519 car [1036, 186]
515 car [1243, 216]
508 car [1077, 153]
482 car [908, 273]
434 car [1353, 213]
0 frame changed

519 car [1041, 190]
515 car [1221, 205]
501 car [1350, 250]
482 car [910, 306]
0 frame changed

519 car [1045, 193]
515 car [1202, 201]
489 car [941, 132]
0 frame changed

519 car [1046, 195]
518 car [967, 199]
516 bicycle [1125, 176]
515 car [1190, 192]
0 frame changed

526 car [1253, 212]
519 car [1052, 200]
518 car [974, 211]
0 frame changed

526 car [1231, 201]
519 car [1057, 205]
518 car [983, 233]
0 frame changed

528 car [1274, 191]
526 car [1208, 195]
519 car [1056, 200]
518 car [991, 250]
0 frame changed

526 car [1194, 189]
524 car [999, 257]
523 car [892, 179]
519 car [1066, 213]
518 car [1000, 271]
501 car [1322, 240]
0 frame changed

526 car [1184, 181]
523 car [890, 187]
519 car [1078, 223]
518 car [1007, 292]
501 car [1299, 229]
0 frame changed

526 car [1166, 175]
519 car [1089, 235]
518 car [1020, 320]
501 car [1271, 218]
0 frame changed

534 car [976, 220]
526 car [1155, 170]
519 car [1099, 242]
501 car [1240, 207]
0 frame changed

519 car [1112, 254]
0 frame changed

519 car [1125, 270]
0 frame changed

519 car [1140, 287]
0 frame changed

0 frame changed

0 frame changed

